編號,104職缺代碼,分析類別,職缺名稱,企業名稱,產業類別,台中行政區,薪資待遇,最低月薪估算,104官方核實網址,命中技能標籤,工作內容摘要
1,8849510,國外業務,強力募集★不動產業務菁英★有經驗者佳.保障底薪/高獎金高抽成,中信房屋中科國安加盟店_鑫德信不動產仲介經紀有限公司,不動產經營業,西屯區,"月薪 35,000~120,000元",35000,https://www.104.com.tw/job/59obq,數位行銷與流量廣告投放 (GA4/SEO/Meta/廣告),本店累積超過23年的客源，提供業務最強大的資源 配合完整教育訓練，店長親自領銜，百萬年薪不是夢！ 如果你是一位有企圖心、想賺取高薪、願意努力的夥伴，歡迎加入我們團隊！ ★你要挑戰百萬年薪，我們給你百萬平台發揮所長，公司提供客源給你★ ★只要
2,14302361,國外業務,亞太區業務人員,久正光電股份有限公司,光電產業,西屯區,待遇面議(經常性4萬以上),38000,https://www.104.com.tw/job/8ijrt,海外與跨境經貿 (跨境電商/海外市場/外銷) / 進出口關務與報關單據 (報關/L/C信用狀/提單/海空運) / 海外客戶開發與國際商展參展 / 商務談判、報價議價與合約簽訂,- 開拓海外市場、客戶維護及開發新客戶 - 向客戶報價、確認訂單、貨物裝運之方法、處理出貨報關文件作業 - 掌握出貨狀況，並追蹤產品交期 - 服務客戶並掌握客戶需求，建立長期夥伴關係 - 進行巿場分析調查，並提出策略建議 - 參加國際性展覽
3,14818787,國外業務,國外業務專員,瑞菖國際股份有限公司,紡織成衣業,南屯區,"月薪 38,000~40,000元",38000,https://www.104.com.tw/job/8tm8z,海外與跨境經貿 (跨境電商/海外市場/外銷) / 海外客戶開發與國際商展參展,國外業務專員 (內勤維護 / 免開發新客戶：無業績壓力) 工作內容 1. 現有客戶深耕：負責長期合作客戶之訂單管理與關係維護。本職位「不需」開發新客戶、不需承擔業績目標。 2. 訂單與技術對接：精準輸入訂單、追蹤生產進度，確保產品規格（規格
4,14599754,國外業務,國外業務拓展專員 Sales Executive,樂峰科技有限公司,電腦軟體服務業,西屯區,待遇面議(經常性4萬以上),38000,https://www.104.com.tw/job/8ox8q,海外與跨境經貿 (跨境電商/海外市場/外銷) / 英語商務溝通 (精通/流利/信件/多益TOEIC),【職務內容】 ＊＊英文聽說能力佳，具備 TOEIC 800分以上 或同等程度之語言能力＊＊ ◆國外銷售、業務推廣、國外訂單處理、國外市場開發及客戶拜訪等工作◆ 1、商務合作洽談、業務推廣及開發 - 具備良好社交能力，能獨立開發客
5,6506700,國外業務,國外業務,科為工業股份有限公司,其他金屬相關製造業,西屯區,"月薪 40,000~48,000元",40000,https://www.104.com.tw/job/3vglo,海外與跨境經貿 (跨境電商/海外市場/外銷) / 進出口關務與報關單據 (報關/L/C信用狀/提單/海空運) / 商務談判、報價議價與合約簽訂,"1.客戶訂單/銷產協調 2.客戶聯繫/銷售前後服務 3.處理出貨文件/進出口安排,需有船務經驗 4.寄樣,包材打樣等工作 5.報價,處理訂單"
6,15187508,國外業務,國外業務,銡聖機械有限公司,機械器具批發業,西屯區,待遇面議(經常性4萬以上),38000,https://www.104.com.tw/job/91ir8,海外與跨境經貿 (跨境電商/海外市場/外銷) / 商務談判、報價議價與合約簽訂,1. 負責國外客戶詢價、報價、訂單處理以及國內供應商詢報價、產品訂單追蹤出貨。 2. 協調客戶與廠商間的往來溝通及客訴。 3. 有效與團隊合作，即時回應客戶需求。 4. 完成公司及主管交辦事項，掌握訂單核可進度並能自我掌控工作進度與效率。 
7,6651248,國外業務,國外業務人員,昌勇實業股份有限公司,金屬加工用機械製造修配業,沙鹿區,"月薪 38,000~45,000元",38000,https://www.104.com.tw/job/3yk4w,海外與跨境經貿 (跨境電商/海外市場/外銷) / 海外客戶開發與國際商展參展,1. 公司車床產品之國外業務推廣與銷售。 2. 負責區域業績目標，績效討論，進度追蹤。 3. 市場訊息的蒐集與分析、客戶銷售方案的策劃與執行。 4. 國內/外參展，開發客戶。 5. 協助公司產品之售後服務(如：顧客抱怨及問題反應處理等) 6
8,13069582,國外業務,國外業務,滙歐科技開發股份有限公司,其他相關製造業,南屯區,待遇面議(經常性4萬以上),38000,https://www.104.com.tw/job/7s4jy,海外與跨境經貿 (跨境電商/海外市場/外銷),"1. Drive new customer development and new project onboarding, including product proposals, sampling, pricing, price nego"
9,14281492,國外業務,國外業務助理,橋牧科技股份有限公司,其他電子零組件相關業,南屯區,"月薪 30,000~35,000元",30000,https://www.104.com.tw/job/8i3o4,海外與跨境經貿 (跨境電商/海外市場/外銷) / 海外客戶開發與國際商展參展,1、負責國外客戶訂單處理並追蹤客戶訂單，出貨安排、應收帳款核對。 2、處理客訴問題，回覆email與售後服務 3、歐美國外參展相關事宜處理並配合出差 4、處理業務相關之公司內部行政作業 5、一般行政事務及主管交辦事務
10,14807872,國外業務,國外業務專員,允恒國際有限公司,專門設計相關業,南屯區,"月薪 38,000~40,000元",38000,https://www.104.com.tw/job/8tdts,海外與跨境經貿 (跨境電商/海外市場/外銷) / 英語商務溝通 (精通/流利/信件/多益TOEIC) / 進出口關務與報關單據 (報關/L/C信用狀/提單/海空運),【人才招募｜國外業務專員】 我們正在尋找一位具備英文溝通能力、細心負責的國外業務夥伴！ 你將負責與海外供應商聯繫，協助處理採購、進出口及國際物流相關作業。若你對國際貿易工作有興趣，擅長溝通協調，並希望累積完整的國貿實務經驗，歡迎加入我們！
11,14985875,國外業務,國外業務開發專員（韓國）,三久股份有限公司,電力機械器材製造修配業,大里區,待遇面議(經常性4萬以上),38000,https://www.104.com.tw/job/8x76b,海外與跨境經貿 (跨境電商/海外市場/外銷),1.開拓韓國市場，開發潛在客戶與推廣產品 2.維繫既有客戶、建立長期良好夥伴關係 3.調查與分析市場需求、制定與執行銷售計劃 4.協助客戶解決問題、維持客戶滿意度 5.規劃並參加國內外展覽，提升品牌形象與知名度
12,13225704,國外業務,國外業務人員,松誼實業股份有限公司,金屬家具及裝設品製造業,豐原區,"月薪 35,000~40,000元",35000,https://www.104.com.tw/job/7vh0o,海外與跨境經貿 (跨境電商/海外市場/外銷) / 英語商務溝通 (精通/流利/信件/多益TOEIC) / 商務談判、報價議價與合約簽訂,"1. 具備主動性,良好的團隊溝通與維繫客戶能力 2. 協助回覆現有客戶郵件以及報價查詢 3. 處理客戶所需訂單，合同，出貨文件等事宜 4. 聯繫工廠，協調出貨，滿足客戶需求與期待 5. 協助控管各項收款流程與催收客戶應付帳款 6. 具有良好"
13,13063541,國外業務,國外業務,目濬泰精密機械有限公司,塑膠製品製造業,北屯區,待遇面議(經常性4萬以上),38000,https://www.104.com.tw/job/7rzw5,海外與跨境經貿 (跨境電商/海外市場/外銷) / 海外客戶開發與國際商展參展 / 商務談判、報價議價與合約簽訂,月薪+業績獎金 1. 客戶開發與維護：搜尋開發海外潛在客戶、 維繫既有客戶關係、 參與國際商展 2. 訂單與報價處理 : 對客戶提供專業產品報價、處理國外訂單與客製化需求、簽約、掌握生產進度與出貨 3. 溝通協調： 國外客戶與內部部門（工廠
14,14906571,國外業務,國外業務人員,斯格國際有限公司,綜合商品批發代理業,西區,"月薪 30,000~50,000元",30000,https://www.104.com.tw/job/8vhzf,海外與跨境經貿 (跨境電商/海外市場/外銷) / 英語商務溝通 (精通/流利/信件/多益TOEIC),1. 翻譯訂單（英翻中、中翻英）。 2. 估價。 3. 與客戶英文書信往來。 4. 處理客訴，售後服務。 5. 通知交期、出貨進度。
15,13732496,國外業務,國外業務專員,數據科技股份有限公司,其他電子零組件相關業,南屯區,待遇面議(經常性4萬以上),38000,https://www.104.com.tw/job/86c28,海外與跨境經貿 (跨境電商/海外市場/外銷) / 商務談判、報價議價與合約簽訂,1. 了解目標市場文化、需求、競爭狀況與趨勢。並分析數據與趨勢，以制定行銷策略。 2.制定市場策略，包括定價、產品定位和推廣策略，以滿足客戶需求及增加銷售。 3.建立、推廣、經營與管理現有品牌、軟硬體產品以及公司整體的形象，並負責相關文宣資
16,12869276,國外業務,國外業務助理,宇特精密工業有限公司,金屬加工用機械製造修配業,神岡區,"月薪 32,000~38,000元",32000,https://www.104.com.tw/job/7ntzw,海外與跨境經貿 (跨境電商/海外市場/外銷) / 商務談判、報價議價與合約簽訂,1. 處理海外客戶訂單、報價及詢價等業務 2. 負責與工廠溝通，確保生產進度與交期的準確性 3. 擔任國際性展覽相關事宜規劃 4. 聯繫海外客戶，處理相關業務文件及信函 5. 協助業務主管完成其他相關工作 該職位是公司開拓海外市場的關鍵職位
17,14381652,國外業務,國外業務,鈺達新國際有限公司,電子通訊／電腦週邊批發業,北屯區,"月薪 35,000~50,000元",35000,https://www.104.com.tw/job/8k8yc,海外與跨境經貿 (跨境電商/海外市場/外銷) / 商務談判、報價議價與合約簽訂,1. 定期報告銷售進度及市場佔有率。 2. 掌握產品設計時程及產量狀況。 3. 規劃國際商展，參與企劃，協調行銷活動（如：展覽、廣告、會議）。 4. 針對客戶提出的合約（交易條件、生產流程、產品要求、售後服務）作初步評估，並在必要時尋求其他
18,8050343,國外業務,國外業務,台灣引興股份有限公司,專用生產機械製造修配業,西屯區,待遇面議(經常性4萬以上),38000,https://www.104.com.tw/job/4sjon,海外與跨境經貿 (跨境電商/海外市場/外銷),這個職位需要的是台灣與中國之外區域的國外營業、國外貿易營業夥伴。 現階段此職位重點區域擺在歐美區、印度區國際貿易，但也有機會拓展更多。 因此這個職位發展出這些工作內容需求： 1.獨立國外訪客能力 2.客戶管理、客情維繫維護 3.能有計畫性地
19,15131472,國外業務,國外業務助理,艾斯數位行銷有限公司,網際網路相關業,西區,"月薪 38,000~45,000元",38000,https://www.104.com.tw/job/90bio,生成式 AI 與智慧工具 (ChatGPT/Prompt/Copilot/AI) / 海外與跨境經貿 (跨境電商/海外市場/外銷) / 英語商務溝通 (精通/流利/信件/多益TOEIC) / 數位行銷與流量廣告投放 (GA4/SEO/Meta/廣告),勢與競品分析 • 英文客戶需求整理與提案 • 協助主管交辦事項 【加分條件】 ✦ 熟悉 AI 工具應用 ✦ 具海外市場經驗 ✦ 對數據敏感 【加入我們】 ✓ 不加班文化 ✓ 下班後無須回覆工作訊息 ✓ 重視工作與生活平衡
20,6015579,國外業務,國外業務人員,成豫實業股份有限公司,金屬容器製造業,烏日區,待遇面議(經常性4萬以上),38000,https://www.104.com.tw/job/3kxnf,海外與跨境經貿 (跨境電商/海外市場/外銷) / 海外客戶開發與國際商展參展 / 商務談判、報價議價與合約簽訂 / ERP / SAP 企業資源與進銷存系統,1. 客戶報價並確認訂單 (採購產品規格核對)。 2. 新市場拓展與開發。 3. 協助公司突破業績成長。 **業績有達成會提供獎金** 4. 參展規劃與拜訪國外客戶。 5. ERP系統操作熟捻。 6. 主管交辦事項。 7. 有閥門背景、相
21,14543967,國外業務,國外業務專員,晶至生醫科技股份有限公司,化妝品製造業,大雅區,"月薪 60,000~9,999,999元",60000,https://www.104.com.tw/job/8nq73,海外與跨境經貿 (跨境電商/海外市場/外銷) / 進出口關務與報關單據 (報關/L/C信用狀/提單/海空運) / 海外客戶開發與國際商展參展 / 商務談判、報價議價與合約簽訂,"1. 開拓海外市場獨立開發新客戶、客戶合約簽訂，代工行銷作業推動與執行。 2. 配合公司規劃執行國際各項展覽活動等其相關事宜且可配合海外出差。. 3. 安排船務,報關及國外書信往返,出貨等事宜。 4. 定期與主管進行業績、績效檢討，主動回報"
22,15291741,國外業務,國外業務人員,永祺車業股份有限公司,自行車及其零件製造業,太平區,"月薪 36,000~60,000元",36000,https://www.104.com.tw/job/93r6l,海外與跨境經貿 (跨境電商/海外市場/外銷) / 海外客戶開發與國際商展參展 / 商務談判、報價議價與合約簽訂,1. 拜訪客戶，介紹公司產品與服務。 2. 負責向客戶報價並確認訂單。 3. 維護既有客戶關係，開發新客戶。 4. 蒐集市場資訊及競爭對手動態。 5. 處理客戶報價、訂單及相關文件。 6. 追蹤交期及出貨狀況。 7. 負責客戶的往來溝通。 
23,15362528,國外業務,E29-日商公司-國外業務人員,精英人力資源股份有限公司,人力仲介代徵,西屯區,"月薪 40,000~50,000元",40000,https://www.104.com.tw/job/959sw,海外與跨境經貿 (跨境電商/海外市場/外銷) / 英語商務溝通 (精通/流利/信件/多益TOEIC) / 第二外語能力 (日文/越語/西語/德語),經歷核薪。 【上班時間】周一~周五8:30~17:00，中間休1.5小時(12:00~13:30) 【工作地點】台中市西屯區文心路二段 【需求條件】 1.大學以上畢業 2.日文N1，英文讀寫OK，或英文流利，日文N2以上 3.具國外業務一年
24,14114897,國外業務,國外業務訂單管理師,富國興業股份有限公司,其他相關製造業,后里區,"月薪 38,000~45,000元",38000,https://www.104.com.tw/job/8ej4h,海外與跨境經貿 (跨境電商/海外市場/外銷) / 商務談判、報價議價與合約簽訂,1.國外客戶訂單處理與出貨相關事務 2.客戶報價、訂單合約審查並確認與客戶提出的合約（交易條件、生產流程、產品要求、檢驗要求) 3.客戶訂單需求/廠內產能規劃協調、處理並追蹤生產狀況 4.了解客戶抱怨，協助客戶問題解決 5.良好溝通協調能力
25,13203842,國外業務,國外業務助理,美溪機電工業股份有限公司,金屬加工用機械製造修配業,西屯區,"月薪 35,000~45,000元",35000,https://www.104.com.tw/job/7v05e,海外與跨境經貿 (跨境電商/海外市場/外銷) / 商務談判、報價議價與合約簽訂,1. 客戶聯繫與業務協助 2.國外訂單處理與進度追蹤 3.出口文件製作與出貨作業 4.客戶服務與售後事項協助 5.業務行政與文書作業 工作內容: 1.國外訂單與客戶服務 詢價、報價、訂單、交期及售後服務等相關作業。 2.海外客戶聯繫與維護
26,15390695,國外業務,國際業務開發／國貿資深專員｜歐美市場｜特殊鋼・CNC・OEM,炬鋒特殊鋼股份有限公司,鋼鐵基本工業,豐原區,"月薪 45,000~60,000元",45000,https://www.104.com.tw/job/95vjb,海外與跨境經貿 (跨境電商/海外市場/外銷),【職缺介紹】 我們正在找的，不只是國貿行政，而是一位能真正參與海外市場開發的國際業務夥伴。 炬鋒特殊鋼持續從「特殊鋼材料供應」拓展至： 特殊鋼材料＋熱處理＋CNC精密加工＋OEM製造＋成品出口 目前積極拓展美國及歐洲市場，服務產業涵蓋機械
27,6270498,國外業務,國外業務人員-日文,酷熊集團_酷熊賽車工業有限公司,汽機車及其零配件用品／批發業,西屯區,"月薪 40,000~50,000元",40000,https://www.104.com.tw/job/3qeci,海外與跨境經貿 (跨境電商/海外市場/外銷) / 第二外語能力 (日文/越語/西語/德語) / 海外客戶開發與國際商展參展 / 商務談判、報價議價與合約簽訂,1.客戶對信、報價及訂單處理 2.潛在客戶開發 3.國內外參展及客戶接待 4.完成主管交辦事項 *日文程度中上 *能獨立作業、具責任心
28,11622887,國外業務,國外業務專員,力山工業股份有限公司,電力機械器材製造修配業,大里區,待遇面議(經常性4萬以上),38000,https://www.104.com.tw/job/6x49z,海外與跨境經貿 (跨境電商/海外市場/外銷) / 商務談判、報價議價與合約簽訂,1. 現有業務推展及既有客戶訂單管理維護 2. 負責產品推廣及報價，訂單跟進與專案管理 3. 團隊合作與跨部門協調 4. 完成公司與主管交辦事項
29,14876447,國外業務,【國外業務開發專員】,耿舜企業股份有限公司,專用生產機械製造修配業,西屯區,"月薪 45,000~9,999,999元",45000,https://www.104.com.tw/job/8uuqn,海外與跨境經貿 (跨境電商/海外市場/外銷),舜企業的一份子，與我們共同開創全球商機，打造更多成功案例。▋ ▏ ▼主要工作內容： (1).國際市場開發與客戶關係管理 √ 積極尋找並開發潛在海外市場及合作夥伴，拓展業務版圖。 √ 維護現有國際客戶，建立深厚的合作關係，並
30,12796844,國外業務,國外業務人員,大光長榮機械股份有限公司,電力機械器材製造修配業,大里區,"月薪 37,000~45,000元",37000,https://www.104.com.tw/job/7ma3w,海外與跨境經貿 (跨境電商/海外市場/外銷) / 商務談判、報價議價與合約簽訂,"國外業務人員招募！探索世界，成就未來！ 是否渴望在國際舞台上發光發熱？我們正在尋找充滿活力且敢於熱愛挑戰的您， 趕快加入我們，一起開啟國際市場的新篇章！ 【職務內容】 1. 客戶需求聯繫、評估報價、訂單合約、驗機收款…等, 國貿交易流程所需"
31,15190674,國外業務,國外業務,印比雅實業股份有限公司,金屬結構及建築組件製造業,南屯區,待遇面議(經常性4萬以上),38000,https://www.104.com.tw/job/91l76,海外與跨境經貿 (跨境電商/海外市場/外銷) / 商務談判、報價議價與合約簽訂,"1. 國外客戶的報價、訂單 及交期管理 2. 廠內產能協調,並追蹤生產狀況 3. 客戶專案之開發及執行 4. 追蹤交期及出貨狀況 5. 負責客戶與廠商之間的往來溝通 6. 主管交辦事項"
32,9149170,國外業務,國外業務拓展專員 | AI工具應用,尊博科技股份有限公司,電腦軟體服務業,西屯區,待遇面議(經常性4萬以上),38000,https://www.104.com.tw/job/5g3jm,生成式 AI 與智慧工具 (ChatGPT/Prompt/Copilot/AI) / 海外與跨境經貿 (跨境電商/海外市場/外銷) / 商務談判、報價議價與合約簽訂,貨或上線安排，確保執行順暢。 - 具備獨立開發客戶能力，並結合AI工具與自動化workflow優化客戶拓展與商務溝通流程。 - 參與海外展覽與客戶接待，拓展國際市場機會並強化商務關係。 - 協助評估客戶需求與合約條件（交易條件、產品規格、售
33,13172631,國外業務,國內業務人員,宏台集團_宏台電子股份有限公司,其他電子零組件相關業,北屯區,"月薪 40,000~60,000元",40000,https://www.104.com.tw/job/7uc2f,海外與跨境經貿 (跨境電商/海外市場/外銷) / 英語商務溝通 (精通/流利/信件/多益TOEIC) / 海外客戶開發與國際商展參展,件、系統模組、特化/工業材料等）。 基本門檻：具備 3 年以上 B2C 業務或銷售經驗。 語言能力：基本英文能力，能獨立進行英文閱讀、書信及基礎聽說溝通。 出差適應力：能接受高頻率國內出差（主要往返各大科學園區及國內製造廠），並能配合偶爾的
34,15050023,國外業務,財務專員(台中),豐邑建設股份有限公司,建築工程業,西區,待遇面議(經常性4萬以上),38000,https://www.104.com.tw/job/8yko7,,1. 應收應付票據兌現及銀行轉帳作業 2. 日報表簽收等出納作業 3. 銀行往來調節表編製作業 4. 取條開立及付款等出納作業 5. 基金交易帳務處理作業 6. 出納管理報表編製 7. 銀行授信案件申辦處理作業 8. 融資利息費用核算作業
35,14998085,國外業務,國外業務,凌嘉科技股份有限公司,半導體製造業,西屯區,待遇面議(經常性4萬以上),38000,https://www.104.com.tw/job/8xglh,海外與跨境經貿 (跨境電商/海外市場/外銷) / 海外客戶開發與國際商展參展 / 商務談判、報價議價與合約簽訂,1.負責半導體設備相關產品與技術解決方案推廣，包含新客戶開發、既有客戶關係維護與商機拓展。 2.具備key account專案管理與標準品訂單的開發模式：整合內部跨部門資源，推動專案目標與交期達成。 3.進行 B2B 商務談判、報價製作與合
36,8774834,國外業務,國外業務人員,晨邑貿易有限公司,汽機車及其零配件用品／批發業,北屯區,待遇面議(經常性4萬以上),38000,https://www.104.com.tw/job/582pe,海外與跨境經貿 (跨境電商/海外市場/外銷) / 英語商務溝通 (精通/流利/信件/多益TOEIC) / 進出口關務與報關單據 (報關/L/C信用狀/提單/海空運) / ERP / SAP 企業資源與進銷存系統,1. 與客戶Email英文書信往來，協助聯繫訂單及需求。 2. 協助工廠端釐清訂單細節，擔任客戶與工廠端間溝通協調之角色。 3. 工廠訂單製作、處理並協助確認生產流程與進度，積極解決問題。 4. ERP系統操作製單，提供出貨文件，處理進出口
37,6660470,國外業務,國外業務管理師,成豫實業股份有限公司,金屬容器製造業,烏日區,"月薪 36,000~42,000元",36000,https://www.104.com.tw/job/3yr92,海外與跨境經貿 (跨境電商/海外市場/外銷) / 商務談判、報價議價與合約簽訂,1. 協助業務人員書信往來、詢價、報價及訂單處理等事務。 2. 協助業務人員處理銷售業務相關之公司內部行政作業。 3. 根據業務單位需求進行採購流程詢價、比價、議價、下單採購、交期追蹤/跟催/管理。 4. 定期提供業務銷售狀況報表，以供業務
38,15290573,國外業務,外埔廠-國外業務助理,立盟金屬股份有限公司,自行車及其零件製造業,外埔區,"月薪 30,000~38,000元",30000,https://www.104.com.tw/job/93qa5,海外與跨境經貿 (跨境電商/海外市場/外銷),收帳款追蹤及相關帳務作業。 協助國外業務後勤行政作業，如樣品需求彙整、資料整理及跨部門協調。
39,15193937,國外業務,國外業務人員(色膏),臺灣納米科技股份有限公司,塗料／染料及顏料製造業,西屯區,待遇面議(經常性4萬以上),38000,https://www.104.com.tw/job/91npt,海外與跨境經貿 (跨境電商/海外市場/外銷) / 商務談判、報價議價與合約簽訂,1. 開發潛在客戶，拓展市場，並成交訂單，以達成業績目標 2. 拜訪及維繫穩定客戶關係，推進業務活動，以提高銷售額 3. 負責產品報價及產品展示、訂單及出貨管理，並處理帳款回收相關事宜 4. 追蹤並回報客戶對產品、樣品測試結果，以促成產品的
40,14991182,國外業務,光通信-國外業務(台中后里),GIS-KY(6456)業成集團_英特盛科技股份有限公司,光電產業,后里區,待遇面議(經常性4萬以上),38000,https://www.104.com.tw/job/8xb9q,海外與跨境經貿 (跨境電商/海外市場/外銷) / 商務談判、報價議價與合約簽訂,1.良好的溝通和談判技巧：能夠與國際客戶順利交流，促進業務合作 2.具國外業務或相關經驗，具有雷射封裝測試領域相關經驗者優先。
41,15238334,國外業務,國外業務,元穩實業股份有限公司,金屬結構及建築組件製造業,豐原區,"月薪 45,000~9,999,999元",45000,https://www.104.com.tw/job/92lz2,海外與跨境經貿 (跨境電商/海外市場/外銷) / 海外客戶開發與國際商展參展 / 商務談判、報價議價與合約簽訂,1.負責國外市場業務拓展、客戶開發及既有客戶維持。 2.針對國外客戶提出的需求作初步評估，即時回應客戶。 3.掌握產品開發時程及產量狀況，以準時出貨。 4.處理公司簡報、報價系統、合約簽訂、接單等事宜。 5.市場分析／產品學習／競爭對手比較
42,14937132,國外業務,國際業務開發,雅瑟斯工業股份有限公司,自行車及其零件製造業,神岡區,"月薪 42,000~60,000元",42000,https://www.104.com.tw/job/8w5kc,海外與跨境經貿 (跨境電商/海外市場/外銷) / 海外客戶開發與國際商展參展,差： 需配合公司策略，一年內出差 3-6 次。差旅內容包含： 主導歐美地區國際展覽參展事宜。 獨立或陪同高階主管拜訪國外重要客戶。 陪同客戶參觀大陸/東南亞工廠進行驗廠與技術交流。 業務行政與市場分析 (Sales
43,13387304,國外業務,國外業務專員,元貝實業股份有限公司,專用生產機械製造修配業,神岡區,"月薪 38,000~47,000元",38000,https://www.104.com.tw/job/7yxpk,海外與跨境經貿 (跨境電商/海外市場/外銷),"【我們希望你有的經驗與特質】 1.活潑、主動性高、細心且可獨立作業 2.能具備同理心且能圓融溝通 3.給於客戶和公司雙贏的建議 【職務內容】 1.回覆客戶詢價及接單處理 2.客戶產業與市場分析,訂定銷售戰略與行動計畫 3.客戶關係維護 4."
44,8284481,國外業務,國外業務,華偉實業股份有限公司,塑膠製品製造業,南屯區,待遇面議(經常性4萬以上),38000,https://www.104.com.tw/job/4xkch,海外與跨境經貿 (跨境電商/海外市場/外銷) / 商務談判、報價議價與合約簽訂,與華偉共同開啟您的事業新里程！ 加入一家引領全球產業和社會邁向更高生產力和可持續發展的領先企業。在華偉，我們崇尚多樣性和包容性，營造一個讓每個人都能自由探索環境。 作為業務，您將於全球市場發揮關鍵作用，推廣銷售產品攫取任何交易機會。同時需與
45,14299927,國外業務,國外業務,德旺健身器材有限公司,綜合商品批發代理業,北區,"月薪 37,000~9,999,999元",37000,https://www.104.com.tw/job/8ihw7,海外與跨境經貿 (跨境電商/海外市場/外銷) / 海外客戶開發與國際商展參展,1. 負責國外市場業務拓展及客戶開發； 2. 確保訂單內容無誤且執行順暢； 3. 定期報告銷售進度； 4. 市場分析／產品學習／競爭對手比較作業； 5. 規劃國際商展，參與企劃，協調行銷活動。 此職位對於公司開拓國際市場並擴展海外客戶關係至
46,10951499,國外業務,F.<海外部>國外業務專員,我的心機_捷司特國際股份有限公司,藥品／化妝品及清潔用品批發業,西屯區,"月薪 38,000~9,999,999元",38000,https://www.104.com.tw/job/6iq8b,海外與跨境經貿 (跨境電商/海外市場/外銷) / 進出口關務與報關單據 (報關/L/C信用狀/提單/海空運) / ERP / SAP 企業資源與進銷存系統,1.進行客戶維繫、產品銷售、處理並追蹤客戶訂單。 2.提供出貨文件，與各部門進行跨部門合作，協助控管出貨及庫存管理。 3.相關業務報告製作與數字分析。 4.了解進出口相關流程及進出口相關文件製作。 5.熟悉ERP系統及協助行政作業。 6.其
47,14572863,國外業務,國外業務人員(擴編職缺),柏升工業股份有限公司,其他金屬相關製造業,太平區,待遇面議(經常性4萬以上),38000,https://www.104.com.tw/job/8ochr,海外與跨境經貿 (跨境電商/海外市場/外銷) / 海外客戶開發與國際商展參展,1.負責開發潛在客戶，拓展海外市場，提升品牌影響力與銷售機會。 2.維護並深化現有客戶關係，提供專業且優質的客戶服務。 3.進行市場調查與競爭分析，洞察市場趨勢，制定有效的銷售策略。 4.參與國際展覽與商務活動，推廣公司新產品及服務。 5.
48,14659065,國外業務,國外業務,鈺晟精密工具有限公司,其他金屬相關製造業,太平區,"月薪 38,000~46,000元",38000,https://www.104.com.tw/job/8q709,海外與跨境經貿 (跨境電商/海外市場/外銷) / 英語商務溝通 (精通/流利/信件/多益TOEIC) / 海外客戶開發與國際商展參展 / 商務談判、報價議價與合約簽訂,1.開發客戶 2.產品報價與追蹤 3.訂單審查 4.能獨立作業 5.具英文溝通及書信能力 6.需到國外參展出差(2-3次/年) 7.處理國外客戶e-mai訂單、報價、詢價等業務相關事宜。 8.例行業務工作及各項文書管理。 9.和國外客戶間聯
49,15285569,國外業務,國外業務專員｜海外 B2B 新客戶開發與市場拓展,國睦工業股份有限公司,醫療器材製造業,南屯區,待遇面議(經常性4萬以上),38000,https://www.104.com.tw/job/93mf5,海外與跨境經貿 (跨境電商/海外市場/外銷) / 海外客戶開發與國際商展參展,聽聽學長姐怎麼說：https://www.youtube.com/watch?v=rIoln7bI_dc 這是一個適合已有國外業務或B2B客戶開發經驗，並希望進一步挑戰新客戶開發、拓展海外市場的職位。從潛在客戶名單建立、客戶拜訪與商機推進，
50,14876511,國外業務,【國外業務部門主管】,耿舜企業股份有限公司,專用生產機械製造修配業,西屯區,"月薪 65,000~9,999,999元",65000,https://www.104.com.tw/job/8uusf,海外與跨境經貿 (跨境電商/海外市場/外銷),《我們在找什麼樣的您 — 部門主管大揭密》 ◢◢◢您的任務：帶領國外業務團隊，讓耿舜在國際舞台閃亮發光 ◣◣◣ 【1】策略規劃與領導 ◆帶領國外業務團隊制定市場拓展策略、年度目標、區域布局，並擬定各銷售體系。 【2】團
51,15314225,國外業務,Global Sales Specialist 國外業務,宏軸實業股份有限公司,電力機械器材製造修配業,大甲區,待遇面議(經常性4萬以上),38000,https://www.104.com.tw/job/948j5,海外與跨境經貿 (跨境電商/海外市場/外銷),★工作內容 ●Develop and expand global markets（全球市場開發） ●開發及維護海外客戶與代理商 ●負責國際業務開發、商務洽談及專案推動 ●規劃並執行海外市場拜訪、展覽及市場開發 ●跨部門協調，提供客戶完整解決
52,13740542,國外業務,Regional Application Lead (國外業務人員),鉅鋼機械股份有限公司,電力機械器材製造修配業,西屯區,待遇面議(經常性4萬以上),38000,https://www.104.com.tw/job/86i9q,海外與跨境經貿 (跨境電商/海外市場/外銷),"【職務內容】 1. Manage overseas sales, able to follow up, negotiate, close sales opportunities and cope with issues. 2. Analyz"
53,5295863,國外業務,"國外業務(上下班彈性工時 ,薪酬條件優於市場水準 另有業績獎金,歡迎成衣.紡織業務經驗, 加入行列!)",偉霸工業股份有限公司,橡膠製品製造業,大里區,"月薪 40,000~9,999,999元",40000,https://www.104.com.tw/job/35ibb,海外與跨境經貿 (跨境電商/海外市場/外銷) / 商務談判、報價議價與合約簽訂,1.負責國外業務接洽，訂單處理維繫並穩定客戶關係。 2.負責產品報價及產品展示，並處理帳款回收相關事宜。 3.開發潛在客戶，拓展國際市場。
54,13318150,國外業務,國外業務人員(英、日文）,康勤國際有限公司,其他金屬相關製造業,潭子區,"月薪 28,571~714,286元",28571,https://www.104.com.tw/job/7xgcm,海外與跨境經貿 (跨境電商/海外市場/外銷) / 第二外語能力 (日文/越語/西語/德語),工作滿二年者每年可參加公司海外旅遊費用補助。
55,7451525,國外業務,國外業務人員 (非開發型業務),英屬維京群島商正鼎股份有限公司,育樂用品製造業,中區,"月薪 40,000~45,000元",40000,https://www.104.com.tw/job/4fpmt,海外與跨境經貿 (跨境電商/海外市場/外銷) / 商務談判、報價議價與合約簽訂,：詢價與報價、樣品準備、訂單與出貨、驗貨與驗廠、售後服務等。當工作經驗與能力達到一定水準後，您將學習如何向國外客戶介紹並推銷產品。 此外，根據國外客戶的需求，還會不定期進行產品設計與開發，或是改良產品的結構、功能、外觀等方面。 (1) 此工
56,14911781,國外業務,國外業務,保捷車材有限公司,汽車及其零件製造業,大里區,"月薪 45,000~9,999,999元",45000,https://www.104.com.tw/job/8vm05,海外與跨境經貿 (跨境電商/海外市場/外銷) / 海外客戶開發與國際商展參展 / 商務談判、報價議價與合約簽訂,維護現有客戶關係並開發新客戶，處理訂單、交期及售後服務，協助達成部門業績目標。 負責產品推廣、報價、專案洽談與訂單追蹤，管理從接洽至出貨的完整流程。 針對客戶需求，跨部門協調內部團隊（設計、採購、生產、倉儲等），即時解決問題。 規劃與參與國
57,10726087,國外業務,國外業務人員 寵物用品,台灣多格漫商貿股份有限公司,寵物相關服務業,西區,"月薪 43,000~52,000元",43000,https://www.104.com.tw/job/6dwav,海外與跨境經貿 (跨境電商/海外市場/外銷) / 英語商務溝通 (精通/流利/信件/多益TOEIC) / 海外客戶開發與國際商展參展,主要產品：寵物美容用具(塑膠五金)/寵物生活用品等 1. 具開發產品能力、有參展經驗者佳 2. 與國外客戶每日email往來，需具備英語能力、Office操作能力佳 3. 安排生產出貨，提供出貨文件處理訂艙、出口事宜 4. 具跨部門溝通協調
58,12192997,國外業務,Sales Operations Executive 國外業務 (SU),勗富有限公司,其他電子零組件相關業,西區,"月薪 38,000~45,000元",38000,https://www.104.com.tw/job/79c6d,海外與跨境經貿 (跨境電商/海外市場/外銷) / 海外客戶開發與國際商展參展,能見度與客戶黏著。各類社群成效追蹤、整理回報與優化、參與相關產品圖之規劃與製作。 3. 有國外參展及晉升機會。公司曾參加以下世界各地電子展，例如德國慕尼黑電子展、香港、德國、巴西、波蘭、捷克、印度和新加坡等。 有國貿或海外銷售經驗者優先。
59,13576187,國外業務,國外業務人員,超王大門科技股份有限公司,金屬加工用機械製造修配業,西屯區,"月薪 36,000~45,000元",36000,https://www.104.com.tw/job/82zgb,海外與跨境經貿 (跨境電商/海外市場/外銷) / 海外客戶開發與國際商展參展 / 商務談判、報價議價與合約簽訂,1. 具5年國外業務工作經驗 2. 國外客戶詢價/報價/訂單(開發代理商及支援參展) 3. 協調訂單相關流程(交易條件、生產流程、產品要求、售後服務) 4. 有獨立開發國外業務經驗佳 5. 具有CNC或自動化相關產業經驗 6. 主管交辦事宜
60,11648095,國外業務,國外業務助理,晨邑貿易有限公司,汽機車及其零配件用品／批發業,北屯區,"月薪 38,000~45,800元",38000,https://www.104.com.tw/job/6xnq7,海外與跨境經貿 (跨境電商/海外市場/外銷) / ERP / SAP 企業資源與進銷存系統,國外業務助理 1. ERP訂單系統打單與操作。 2. 追蹤客戶訂單交期與出貨安排。 3. 協助業務人員處理銷售業務相關之公司內部行政作業。 4. 辦公室庶務及公司內部行政作業相關事宜。 5. 完成其他主管交辦事項。
61,14467271,國外業務,Project / Int'l Specialist: 專案部專員/國外業務專員,英屬開曼群島商永瀛工具實業股份有限公司台灣分公司,金屬手工具製造業,太平區,待遇面議(經常性4萬以上),38000,https://www.104.com.tw/job/8m30n,海外與跨境經貿 (跨境電商/海外市場/外銷) / 第二外語能力 (日文/越語/西語/德語) / 商務談判、報價議價與合約簽訂,1.執行新專案之規劃、執行、掌控、成本控制及跟催專案進度 2.提供報價與確認訂單，追蹤交期及出貨狀況 3.溝通協調跨廠區(大陸及越南)問題，使其專案作業順利 4.樣品的進度及送樣 5.與國外客戶之聯繫，回覆e-mail，生產進度追蹤、控管出
62,11623311,國外業務,國外業務專員,毅德機械股份有限公司,其他機械製造修配業,大雅區,"月薪 40,000~9,999,999元",40000,https://www.104.com.tw/job/6x4lr,海外與跨境經貿 (跨境電商/海外市場/外銷) / 海外客戶開發與國際商展參展 / 商務談判、報價議價與合約簽訂,【工作內容】 1.負責海外市場開發與既有客戶維護。 2.產品報價、接單、訂單追蹤及出貨安排。 3.參與國際展覽及客戶拜訪，拓展海外商機。 4.跨部門溝通協調。 5.主管交辦事項 【職務需求】 1.大專以上學歷、國貿、機械相關科系佳。 2.具
63,14951383,國外業務,【總部】國外業務主管,台灣山二股份有限公司,其他紡織製品製造業,西屯區,待遇面議(經常性4萬以上),38000,https://www.104.com.tw/job/8wgk7,海外與跨境經貿 (跨境電商/海外市場/外銷) / 進出口關務與報關單據 (報關/L/C信用狀/提單/海空運) / 商務談判、報價議價與合約簽訂 / 數位行銷與流量廣告投放 (GA4/SEO/Meta/廣告) / 商業數據分析與自動化 (Python/PowerBI/Excel樞紐),帶領集團業務開發團隊，全面擘劃並執行跨國市場戰略佈局；透過指標管理與高效營運控管，全面驅動全球營收增長與品牌國際化進程。 工作內容與職責： 一、 銷售戰略與營收增長： 主導年度銷售計劃、業績預測與執行戰略之制定，帶領團隊全面衝刺，達成集團設
64,13561361,國外業務,國外業務人員,油力油壓工業股份有限公司,其他機械製造修配業,南屯區,"月薪 40,000~9,999,999元",40000,https://www.104.com.tw/job/82o0h,海外與跨境經貿 (跨境電商/海外市場/外銷) / 海外客戶開發與國際商展參展,"1.達成公司賦予之營業額目標值任務之順利完成。 2.國外出差拜訪客戶及展會。 3. 接待國外客戶來訪、來電、來函等諮詢服務。 4. 針對國外市場屬性不同、同業競爭擬定與呈報，提出行銷對策。 5. 新顧客連絡資料整理 (業務回覆後自行建檔,歸"
65,14246325,國外業務,歐洲區業務專員-義大利地區,久正光電股份有限公司,光電產業,西屯區,"月薪 38,000~48,000元",38000,https://www.104.com.tw/job/8hcj9,海外與跨境經貿 (跨境電商/海外市場/外銷) / 海外客戶開發與國際商展參展 / 商務談判、報價議價與合約簽訂,"1-義大利地區國外業務 2-跨部門的採購訂單驗證及處理 3-溝通以滿足客戶要求、CRM、KPI 目標的實現 4-國外出差拜訪客戶及參展 account manager - Germany region Daily routine,"
66,11526233,國外業務,【中區】寵物商品業務專員,鑫欣豐股份有限公司,寵物相關服務業,霧峰區,待遇面議(經常性4萬以上),38000,https://www.104.com.tw/job/6v1p5,海外客戶開發與國際商展參展 / 商務談判、報價議價與合約簽訂,1. 開發潛在客戶，拓展市場，以達成業績目標。 2. 定期拜訪客戶，維繫穩定客戶關係。 3. 負責國內業務接洽及訂單處理。 4. 負責產品報價及產品展示，並處理帳款回收相關事宜。 5. 負責業務推展，傳達及說明公司各項業務重大訊息、活動及產
67,14766202,國外業務,國外業務人員,優聚力企業股份有限公司,自行車及其零件製造業,大里區,"月薪 37,000~50,000元",37000,https://www.104.com.tw/job/8shoa,海外與跨境經貿 (跨境電商/海外市場/外銷) / 英語商務溝通 (精通/流利/信件/多益TOEIC) / 海外客戶開發與國際商展參展,1. 國內外業務開發及接洽。 2. 參與國內外參展規劃。 3. 英文能力佳。 4. 月薪37000起 及相關獎金。 5. 需有國外業務相關經驗者最佳。
68,13706380,國外業務,日本國外業務專員,源潤豐鑄造股份有限公司,其他金屬相關製造業,神岡區,"月薪 36,000~60,000元",36000,https://www.104.com.tw/job/85rws,海外與跨境經貿 (跨境電商/海外市場/外銷),解決之道，以提高客戶滿意度。 6. 跟催維修品以提供良好的售後服務。 7. 充當客戶與各部門間的橋樑，以達成溝通協調目的。 ※國外業務人才招募！ 如果您擁有三年以上相關工作經驗、充滿熱情與活力、渴望一展身手的國際舞台，請千萬不要錯過此機會，
69,14610801,國外業務,【擴編】能源設備國外業務_(台中廠),鴻碩集團_航碩興業有限公司,電腦及其週邊設備製造業,大肚區,待遇面議(經常性4萬以上),38000,https://www.104.com.tw/job/8p5rl,海外與跨境經貿 (跨境電商/海外市場/外銷),將充電樁(槍)、儲能設備等產品拓展海外或台灣市場的企業用戶(B2B)， 竭誠歡迎有志於海外/ 台灣市場銷售的業務專案人才加入鴻碩集團銷售團隊： 1. 開發潛在客戶，拓展市場，以達成業績目標。 2. 拜訪企業客戶，維繫穩定客戶關係。 3. 業
70,5145329,國外業務,國外業務,華凌光電股份有限公司,光電產業,大雅區,待遇面議(經常性4萬以上),38000,https://www.104.com.tw/job/32a5t,海外與跨境經貿 (跨境電商/海外市場/外銷) / 海外客戶開發與國際商展參展 / 商務談判、報價議價與合約簽訂,1.市場分析及業績掌控 2.既有客戶維護以及潛在客戶開發 3.客訴及維修品處理 4.特製品開發掌握樣品設計時程及產量狀況 5.詢報價、訂單、交期、品質、帳款等業務處理 6.客戶來訪與業務出差
71,11162267,國外業務,國外業務人員,志鑫機械有限公司,專用生產機械製造修配業,烏日區,"月薪 40,000~60,000元",40000,https://www.104.com.tw/job/6n8uz,海外與跨境經貿 (跨境電商/海外市場/外銷) / 商務談判、報價議價與合約簽訂,1.定期報告銷售進度及市場佔有率。 2. 負責國外業務接洽與報價，保持與客戶間聯繫，維護客戶關係 3. 擔任客戶聯繫窗口，提供報價，處理客戶回報之問題與客訴案件 4. 掌握產品設計時程及產量狀況。 5. 針對客戶提出的合約（交易條件、生產流
72,11991155,國外業務,國外業務專員,台灣微轉股份有限公司,自行車及其零件製造業,神岡區,待遇面議(經常性4萬以上),38000,https://www.104.com.tw/job/750fn,海外與跨境經貿 (跨境電商/海外市場/外銷) / 海外客戶開發與國際商展參展 / 商務談判、報價議價與合約簽訂,戶需求確認、產品介紹、樣品與報價、訂單追蹤、交期協調、品質問題處理，以及新品開發與改善專案進度追蹤。此角色需要具備國外業務能力，也重視專案管理、跨部門協調與問題解決能力，協助公司拓展海外市場並提升客戶合作滿意度。 主要職責 1. 海外客戶開
73,10573281,國外業務,國外業務,潭興精工企業有限公司,通用機械設備製造修配業,潭子區,"月薪 35,000~9,999,999元",35000,https://www.104.com.tw/job/6ame9,海外與跨境經貿 (跨境電商/海外市場/外銷) / 商務談判、報價議價與合約簽訂,1.可長期獨立出差，尋代理商或客戶，定期報告銷售進度及分析市場佔有率。 2.掌握產品設計時程及產量狀況。 3.規劃國際商展，參與企劃，協調行銷活動（如：展覽、廣告、會議）。 4.評估客戶提出的合約（交易條件、生產流程、產品要求、售後服務），
74,15194614,國外業務,【業務部】國外業務人員,欣鴻精密機械股份有限公司,專用生產機械製造修配業,烏日區,"月薪 36,000~50,000元",36000,https://www.104.com.tw/job/91o8m,海外與跨境經貿 (跨境電商/海外市場/外銷) / 海外客戶開發與國際商展參展,追求完美 對國外業務或市場開發充滿興趣 喜歡與人互動並擅長良好的溝通 能夠接受國內外出差安排 細心且具有出色的執行力 若您擁有以下，將列為加分條件： 曾從事國外業務或B2B相關工作，熟悉機械或製造業，並擁有參展或開發客戶的實際
75,13259429,國外業務,"國外業務助理(上下班彈性工時 , 歡迎夜校生加入 另有業績獎金)",偉霸工業股份有限公司,橡膠製品製造業,大里區,"月薪 34,000~9,999,999元",34000,https://www.104.com.tw/job/7w71h,海外與跨境經貿 (跨境電商/海外市場/外銷) / 進出口關務與報關單據 (報關/L/C信用狀/提單/海空運),你是國際商務溝通的橋樑嗎？ 想在全球市場中發揮你的潛力？ 加入我們，成為推動國際交易的重要助手！ 你的工作內容包括： 1. 輸入、處理並追蹤客戶訂單，並將訂單資料存檔備份。 2. 提供出貨文件，協助業務人員控管出貨，並處理進出口事宜。 3.
76,14051761,國外業務,國外業務助理,益宗精機股份有限公司,電力機械器材製造修配業,潭子區,"月薪 33,000~38,000元",33000,https://www.104.com.tw/job/8d6ep,海外與跨境經貿 (跨境電商/海外市場/外銷) / 英語商務溝通 (精通/流利/信件/多益TOEIC) / 商務談判、報價議價與合約簽訂,1. 國外客戶接洽、產品詢報價處理。 2. 處理國外訂單、安排出貨及後續事宜。 3. 執行國內外展會活動。 4. 需與客戶英文交談 5. 主管交辦事項。
77,14298642,國外業務,國外業務助理,元駿企業股份有限公司,電力機械器材製造修配業,清水區,"月薪 33,000~38,500元",33000,https://www.104.com.tw/job/8igwi,海外與跨境經貿 (跨境電商/海外市場/外銷) / 進出口關務與報關單據 (報關/L/C信用狀/提單/海空運) / ERP / SAP 企業資源與進銷存系統,1. ERP輸入、處理並追蹤客戶訂單，並將訂單資料存檔備份 2. 保持與客戶間之聯繫，回覆e-mail，並確認交貨期 3. 提供出貨文件，協助控管出貨，並處理進出口事宜 4. 定期提供業務銷售狀況報表，以供業務人員或主管參考 5. 協助業務
78,15306387,國外業務,國外業務助理,賀亞企業股份有限公司,汽機車及其零配件用品／批發業,大里區,"月薪 33,000~40,000元",33000,https://www.104.com.tw/job/942hf,海外與跨境經貿 (跨境電商/海外市場/外銷) / 英語商務溝通 (精通/流利/信件/多益TOEIC) / ERP / SAP 企業資源與進銷存系統,1.處理客戶訂單、出貨排程與出貨文件準備 2.協助業務人員處理客戶需求及問題反應 3.協助業務人員處理公司內部行政作業 4.客戶帳款跟催 6.完成公司及主管交辦事項 ◎具備基礎國貿知識 ◎具備跨部門溝通協調能力 ◎細心負責，樂於學習 ◎需基
79,15237170,國外業務,國際業務主管 International Business Development Manager,瑞鈦醫療器材股份有限公司,醫療器材製造業,南屯區,待遇面議(經常性4萬以上),38000,https://www.104.com.tw/job/92l2q,海外與跨境經貿 (跨境電商/海外市場/外銷),負責推動瑞鈦醫療器材的國際業務發展，透過開發新商機、經營海外經銷商與客戶關係，以及協助 AI 驅動骨科手術平台拓展國際市場，支持公司海外營收成長。此職位將與海外客戶、經銷商、醫師及內部跨部門團隊密切合作，推進業務機會、支援產品導入，並為公司
80,4561669,國外業務,國外業務專員,英達科技有限公司,其他電子零組件相關業,南區,待遇面議(經常性4萬以上),38000,https://www.104.com.tw/job/2prt1,海外與跨境經貿 (跨境電商/海外市場/外銷) / 海外客戶開發與國際商展參展,1.新品牌開發業務，有企圖心達成業績目標爭取業績獎金。 2.積極進行產品推廣，拓展並滲透國際市場並收集市場訊息以達成業績目標。 3.業務專案執行與管理、訂單管理、客訴處理，並建議最佳解決方案。 4.須獨立開發、參展及海外出差客戶拜訪。
81,14706516,國外業務,生醫醫美國際業務主管,達運精密工業股份有限公司,消費性電子產品製造業,大雅區,待遇面議(經常性4萬以上),38000,https://www.104.com.tw/job/8r7mc,電商平台營運 (蝦皮/Momo/PChome/Amazon/Alibaba) / 海外與跨境經貿 (跨境電商/海外市場/外銷) / 商務談判、報價議價與合約簽訂,） 3.建立與管理海外經銷商體系，優化合作模式與績效評估 4.主導商務談判（價格、MOQ、付款條件、專案風險控管） 5.蒐集市場趨勢與競品動態，提出市場進入與產品策略建議 6.規劃與執行國際展會、跨境電商合作與品牌市場測試 7.協調研發、生
82,3613984,國外業務,【台中西屯】國外業務專員,三提企業股份有限公司,綜合商品批發代理業,西屯區,"月薪 38,000~9,999,999元",38000,https://www.104.com.tw/job/25gkg,海外與跨境經貿 (跨境電商/海外市場/外銷) / 英語商務溝通 (精通/流利/信件/多益TOEIC) / 進出口關務與報關單據 (報關/L/C信用狀/提單/海空運) / ERP / SAP 企業資源與進銷存系統,議與海外客戶溝通。 ■ ERP 系統資料維護及相關行政作業。 【我們希望你具備】 ■ 具國際貿易、國外業務、採購、訂單管理或相關工作經驗。 ■ 了解訂單、採購及進出口相關作業流程。 ■ 具英文商業書信及基本口語溝通能力；TOEIC 750 
83,13956584,國外業務,國外業務專員,晶傑精機有限公司,通用機械設備製造修配業,豐原區,"月薪 40,000~50,000元",40000,https://www.104.com.tw/job/8b4yw,海外與跨境經貿 (跨境電商/海外市場/外銷) / 海外客戶開發與國際商展參展,"1.海外市場銷售商品與完成銷售目標、售前售後服務。 2.負責客戶維護及開發新客戶,提出目錄或服務方案，以期引起預期買主之興趣，進行市場業務銷售推廣等工作。 3.協助海外市場通路建立及訂單取得。 4.與公司協調產品出貨狀況, 追蹤產品交期。 "
84,13900376,國外業務,(日文)國外業務,寶嘉誠工業股份有限公司,自動控制相關業,烏日區,"月薪 35,000~45,000元",35000,https://www.104.com.tw/job/89xlk,海外與跨境經貿 (跨境電商/海外市場/外銷) / 第二外語能力 (日文/越語/西語/德語) / 海外客戶開發與國際商展參展 / 商務談判、報價議價與合約簽訂,1.具有獨立作業。 2.收發E-MAIL，依顧客需求報價及簽約、拜訪客戶，維繫穩定客戶關係。 3.負責業務推展，需配合國內或國外展覽及出差， 4.客戶接待，與各部門協調訂單進度追蹤。 5.廣告文宣，照片拍攝。 6.主管交辦事項。
85,14025986,國外業務,台中工具機-國外業務,友嘉實業股份有限公司,其他機械製造修配業,后里區,待遇面議(經常性4萬以上),38000,https://www.104.com.tw/job/8cmiq,海外與跨境經貿 (跨境電商/海外市場/外銷),因應集團海外市場持續發展，誠摯邀請具國際市場開發及業務拓展經驗的人才加入，共同參與全球市場布局與成長機會。 歡迎對於國外業務有企圖心的夥伴一同加入! 1. 國外業務發展： 1-1)制定業務年度發展策略並執行，達成銷售實績與市場佔有率。
86,4728135,國外業務,國外業務人員,美鉅股份有限公司,其他金屬相關製造業,大肚區,"月薪 40,000~80,000元",40000,https://www.104.com.tw/job/2tc93,海外與跨境經貿 (跨境電商/海外市場/外銷) / 商務談判、報價議價與合約簽訂,1.定期報告銷售進度及市場佔有率。 2.掌握產品設計時程及產量狀況。 3.針對客戶提出的合約（交易條件、生產流程、產品要求、售後服務）作初步評估，並在必要時尋求其他部門協助，以即時回應客戶需求。 4.提供報價確認訂單，以準時出貨。 * 依照
87,15340276,國外業務,國外業務助理,九上科技股份有限公司,其他金屬相關製造業,神岡區,"月薪 33,000~9,999,999元",33000,https://www.104.com.tw/job/94sms,海外與跨境經貿 (跨境電商/海外市場/外銷) / 商務談判、報價議價與合約簽訂,1.國內外業務訂單文書處理 。 2.保持與客戶間之聯繫，回覆e-mail。 3.協助業務人員處理銷售相關之內部行政作業。 4.產品詢價及報價。 5.主管交辦事項
88,4390811,國外業務,國際業務專員 International Sales Account Manager,啟德電子股份有限公司,精密儀器相關製造業,大里區,"月薪 35,000~45,000元",35000,https://www.104.com.tw/job/2m3yz,海外與跨境經貿 (跨境電商/海外市場/外銷) / 商務談判、報價議價與合約簽訂,時且優質的服務。 ● 提供報價：高效回應客戶的詢價需求，製作並提供準確的商業報價單。 ● 訂單處理：接單進系統處理，協調出貨排程。 ● 參與國際展會：代表公司至國外參加展會，維繫現有客戶關係並開拓潛在的海外新商 機。 ● 市場趨勢分析
89,13175980,國外業務,國外業務開發人員,郡業工業有限公司,其他機械製造修配業,豐原區,"月薪 40,000~9,999,999元",40000,https://www.104.com.tw/job/7ueng,海外與跨境經貿 (跨境電商/海外市場/外銷) / 商務談判、報價議價與合約簽訂,歡迎有熱情、正向、有學習的心的你 加入我們的大家庭~ *--工作內容--* 1.維繫舊有客戶，維繫客戶情感，主動分析客戶需求，人脈開拓與經營 2.開發國內外客戶，收集市場情報 3.定期檢視每個客戶的下單及業績狀況 4.客戶報價/訂單/客訴/
90,4921136,國外業務,國外業務專員/International Sales Representative,維樂工業股份有限公司,自行車及其零件製造業,大甲區,待遇面議(經常性4萬以上),38000,https://www.104.com.tw/job/2xh68,海外與跨境經貿 (跨境電商/海外市場/外銷) / 商務談判、報價議價與合約簽訂,1.公司研發與代理產品銷售推展。 2.提供歐美客戶專案服務，進行專案之企劃、執行、導入、追蹤與整合管理。 3.負責所屬客戶的經營管理，並與支援團隊協調配合。 4.進行專案客戶的接洽與業務開發。 5.蒐集、分析客戶或產品之相關情報。 6.確認
91,12091089,國外業務,外銷業務,集優企業股份有限公司,汽車及其零件製造業,大里區,"月薪 36,000~36,000元",36000,https://www.104.com.tw/job/775jl,海外與跨境經貿 (跨境電商/海外市場/外銷) / 海外客戶開發與國際商展參展 / 商務談判、報價議價與合約簽訂,1.協助內部業務銷售的相關行政流程 2.處理貨單、訂單，建檔和歸檔 3.整理部門的相關文件及追蹤進度 4.協助處理客戶的詢價與報價 5.執行主管交辦的事項 6.國內、外客人的E-mail往來 7.國內、外參展
92,5946379,國外業務,國外業務,韋僑科技股份有限公司,其他電子零組件相關業,大里區,"月薪 35,000~46,000元",35000,https://www.104.com.tw/job/3jg97,海外與跨境經貿 (跨境電商/海外市場/外銷),1.專案型業務 2.市場分析 3.客戶管理與維護
93,13246085,國外業務,國外業務專員(機械外銷),磐石精密工業股份有限公司,電力機械器材製造修配業,烏日區,"月薪 40,000~50,000元",40000,https://www.104.com.tw/job/7vwqt,海外與跨境經貿 (跨境電商/海外市場/外銷) / 英語商務溝通 (精通/流利/信件/多益TOEIC) / 海外客戶開發與國際商展參展 / 商務談判、報價議價與合約簽訂,工作內容 • 負責海外市場（美國／歐洲／印度）業務開發與客戶維護 • 與國外客戶進行英文溝通（Email、視訊會議、報價、談判） • 處理報價、訂單、交期與出貨相關事宜 • 參與國際展覽（如德國、美國展）及客戶拜訪 • 協調內部工程／生產單
94,13098134,國外業務,國外業務,全微精密股份有限公司,醫療器材製造業,西屯區,待遇面議(經常性4萬以上),38000,https://www.104.com.tw/job/7sql2,海外與跨境經貿 (跨境電商/海外市場/外銷) / ERP / SAP 企業資源與進銷存系統,造部門溝通。 10. 協助國內外展覽工作。國外展覽預計每季一次，每次約一週短期出差。 11. ERP訂單系統之訂單／銷退貨及結帳單等資料登錄。 12. 其他主管交辦事項。 歡迎對醫療器材產業有興趣的人才加入。
95,13765457,國外業務,國外業務專員 (台中上班)【泛歐區】,健和興端子股份有限公司,其他電子零組件相關業,西屯區,待遇面議(經常性4萬以上),38000,https://www.104.com.tw/job/871ht,海外與跨境經貿 (跨境電商/海外市場/外銷) / 海外客戶開發與國際商展參展 / 商務談判、報價議價與合約簽訂,既有客戶維護與新客戶開發： 處理既有客戶詢價、報價、庫存與客戶資訊維護等事宜，既有客戶新專案開發及導入新產品 現有客戶情報蒐集、需求分析，維繫客戶關係、處理客訴 追蹤訂單的內部交期、出貨與客戶收款狀況 須配合國外出差、不定期拜訪客戶 規劃國
96,13074900,國外業務,國外業務專員,全氟密封工業股份有限公司,塑膠製品製造業,烏日區,"月薪 45,000~60,000元",45000,https://www.104.com.tw/job/7s8no,海外與跨境經貿 (跨境電商/海外市場/外銷) / 海外客戶開發與國際商展參展 / 數位行銷與流量廣告投放 (GA4/SEO/Meta/廣告) / ERP / SAP 企業資源與進銷存系統,1. 開發新代理商、開拓市場、並達成銷售與利潤目標 2.代理商管理、推動產品銷售計畫 3.產品推廣客戶開發與關係維護 4.訂單接收處理、出貨安排、跟催、收款 5.ERP系統操作 6.具國貿經驗 7.具油壓材料相關經驗、網路行銷者佳
97,13365659,國外業務,CX【永慶美村高工店-宬炘地產團隊】 誠徵<不動產營業員> 高專 48%高獎金 加碼前三個月保障底薪3萬 完整教育訓練讓你美夢成真!!,永慶不動產_宬炘十三期旗艦有限公司,不動產經營業,南區,待遇面議(經常性4萬以上),38000,https://www.104.com.tw/job/7yh0b,數位行銷與流量廣告投放 (GA4/SEO/Meta/廣告),【永慶不動產-宬炘百人團隊】2024年團隊總共締造40位夥伴破百萬破百萬破百萬! 歡迎強者來聊聊 !! 高獎金48% 加碼 前三個月保障底薪3萬 月休8天 彈性上班 洽:0988907858 馬協理 ●公司專人培訓、定期教育訓練，百萬高薪不
98,14432988,國外業務,內勤業務,上浤醫藥生技股份有限公司,食品什貨批發業,西屯區,"月薪 32,000~40,000元",32000,https://www.104.com.tw/job/8lckc,,【工作內容】 1. 訂單處理與追蹤(根據訂單交期督促產品製造的各項事務) 2. 協助處理訂單相關之內、外部溝通 3. 協助業務人員處理銷售業務相關之行政作業 ►每季進行考核及獎勵，具有完善獎勵與升遷制度 ►採業務部季獎金之獎勵制度，保證年薪
99,13193004,國外業務,國外業務助理,鼎霖國際有限公司,汽機車及其零配件用品／批發業,太平區,"月薪 31,000~38,000元",31000,https://www.104.com.tw/job/7ursc,海外與跨境經貿 (跨境電商/海外市場/外銷) / 進出口關務與報關單據 (報關/L/C信用狀/提單/海空運) / ERP / SAP 企業資源與進銷存系統,1. 與國外客戶直接聯繫協助客戶需求。 2. 依照訂單登入ERP系統並製作包裝明細。 3. 處理、追蹤客戶訂單並完成出貨、報關。 4. 依照訂單製作標籤貼紙及外箱嘜頭。 5. 裝箱計算、黏貼外箱嘜頭 (過磅成品箱)、安排出貨方式。 6. 製
100,15378140,國外業務,國外業務專員 (內勤),威輪工業股份有限公司,自行車及其零件製造業,大甲區,"月薪 35,000~9,999,999元",35000,https://www.104.com.tw/job/95luk,海外與跨境經貿 (跨境電商/海外市場/外銷) / 進出口關務與報關單據 (報關/L/C信用狀/提單/海空運) / 商務談判、報價議價與合約簽訂,負責海外品牌商之日常業務對接、規格審核、訂單全流程控管及進出口物流協調。作為海外客戶與內部 R&D、生管、資材及品保部門之橋樑，確保訂單精準生產並按時交貨。 1. 訂單、規格與報價管理 • 處理海外客戶詢價，核對BOM與塗裝/車標要求。 •
101,14918683,國外業務,國外業務人員 - 中東地區,傑生工業股份有限公司,汽車及其零件製造業,西區,待遇面議(經常性4萬以上),38000,https://www.104.com.tw/job/8vrbv,海外與跨境經貿 (跨境電商/海外市場/外銷),- Market research and information collection - Design and develop business plan and strategy to target market - Developi
102,14682795,國外業務,國外業務專員( Overseas sales specialist),希華晶體科技股份有限公司,其他電子零組件相關業,潭子區,"月薪 35,000~55,000元",35000,https://www.104.com.tw/job/8qpbf,海外與跨境經貿 (跨境電商/海外市場/外銷) / 海外客戶開發與國際商展參展 / 商務談判、報價議價與合約簽訂,1. 負責公司產品(例如:石英振盪器等相關電子零組件)的業務推廣。 2. 與現行客戶維持密切業務聯繫，並管理客戶訂單、負責庫存管理，業績報表製作. 3. 定期拜訪客戶送樣，開發潛在客戶，拓展市場，以達成業績目標。 4. 負責產品報價及產品展
103,14874158,國外業務,國外業務人員(西班牙語),成豫實業股份有限公司,金屬容器製造業,烏日區,待遇面議(經常性4萬以上),38000,https://www.104.com.tw/job/8usz2,海外與跨境經貿 (跨境電商/海外市場/外銷) / 第二外語能力 (日文/越語/西語/德語) / 海外客戶開發與國際商展參展 / 商務談判、報價議價與合約簽訂 / ERP / SAP 企業資源與進銷存系統,1. 客戶報價並確認訂單 (採購產品規格核對)。 2. 新市場拓展與開發。 3. 協助公司突破業績成長。 **業績有達成會提供獎金** 4. 參展規劃與拜訪國外客戶。 5. ERP系統操作熟捻。 6. 主管交辦事項。 7. 有閥門背景、相
104,14937344,國外業務,資深外銷業務,大前科技股份有限公司,金屬加工用機械製造修配業,大雅區,待遇面議(經常性4萬以上),38000,https://www.104.com.tw/job/8w5q8,海外與跨境經貿 (跨境電商/海外市場/外銷) / 英語商務溝通 (精通/流利/信件/多益TOEIC),我們是台灣工具機業界中以99%外銷營運的五軸磁浮技術加工機製造廠，站穩全球高單價位階中提供高性價比產品。 我們正在尋找有實戰經驗、重視穩定與發揮空間的業務夥伴。如果你/妳過去有多年前線業務經驗、習慣用數字說話，具備良好應對進退與溝通能力，能
105,15128247,國外業務,國外業務(日文),詠基工業股份有限公司,其他金屬相關製造業,烏日區,"月薪 36,000~50,000元",36000,https://www.104.com.tw/job/90913,海外與跨境經貿 (跨境電商/海外市場/外銷) / 第二外語能力 (日文/越語/西語/德語) / 商務談判、報價議價與合約簽訂,1.產品行銷、報價、接單、訂單處理、應收帳款回收相關事宜。 2.顧客關係管理，保持與客戶間之聯繫，回覆e-mail，並確認交貨期。 3.規劃國際商展，參與企劃，協調行銷活動（如：展覽、廣告、會議）。 4.針對客戶提出的合約（交易條件、生產流
106,3427895,國外業務,國外業務人員,維昶機具廠有限公司,專用生產機械製造修配業,豐原區,"月薪 29,500~36,000元",29500,https://www.104.com.tw/job/21gzb,海外與跨境經貿 (跨境電商/海外市場/外銷) / 商務談判、報價議價與合約簽訂,業務人員處理國外書信訂單及書面連絡作業 1.向客戶報價並確認訂單。 2.安排連絡作業。
107,11668214,國外業務,國外業務主管,華偉實業股份有限公司,塑膠製品製造業,南屯區,待遇面議(經常性4萬以上),38000,https://www.104.com.tw/job/6y392,海外與跨境經貿 (跨境電商/海外市場/外銷) / 商務談判、報價議價與合約簽訂,在華偉，我們引領社會和行業轉型，邁向更加高效、可持續的未來。作為銷售經理，您將扮演關鍵角色，推動銷售業績，確保盈利交易，超越全球銷售目標。 職位責任： • 領導和激勵銷售團隊，實現卓越增長並超越銷售目標。 • 設定銷售目標，制定戰略銷售計畫
108,4773536,國外業務,國外業務助理,酷熊集團_酷熊賽車工業有限公司,汽機車及其零配件用品／批發業,西屯區,"月薪 45,000~50,000元",45000,https://www.104.com.tw/job/2uba8,海外與跨境經貿 (跨境電商/海外市場/外銷) / 進出口關務與報關單據 (報關/L/C信用狀/提單/海空運) / 海外客戶開發與國際商展參展 / 商務談判、報價議價與合約簽訂,1.客戶報價及訂單處理 2.配合潛在客戶開發 3.完成主管交辦事項 4.協助處理國外業務及進出口事宜 *具外文能力及國貿經驗者佳 *能配合參展及客戶接待
109,12544089,國外業務,【外貿部】化妝品- 國外業務經理,詩芙儂生醫股份有限公司,藥品／化妝品及清潔用品零售業,北區,待遇面議(經常性4萬以上),38000,https://www.104.com.tw/job/7gv2x,海外與跨境經貿 (跨境電商/海外市場/外銷) / 商務談判、報價議價與合約簽訂,本職務具備出國洽談以及籌備與參加國外商展機會，是一份國際化且充滿挑戰及成長空間的業務型態工作，公司福利健全，歡迎具備企圖心及勇於開拓市場的您加入。 【工作內容】 • 海外市場開發、業務拓展與關係維護。 • 接洽、報價、訂單處理及出貨安排。 
110,5765027,國外業務,國外 業務專員,城市精密科技股份有限公司,其他機械製造修配業,西屯區,"月薪 36,000~60,000元",36000,https://www.104.com.tw/job/3fkbn,海外與跨境經貿 (跨境電商/海外市場/外銷) / 海外客戶開發與國際商展參展,負責開拓海外市場，推廣自我品牌行銷；規劃國際商展，參與企劃，協調行銷活動；年度營業額目標追蹤、業績分析；帶領業務團隊達成業績目標；服務客戶，掌握出貨狀況，並追蹤產品交期；新客戶開發、新市場的開發、現有客戶的維持、新舊客戶產品線及廠內資源規劃
111,14887606,國外業務,複合材料國外業務-(工作地點：台中烏日),錦裕股份有限公司,文教／育樂用品批發業,烏日區,"月薪 45,000~60,000元",45000,https://www.104.com.tw/job/8v3cm,海外與跨境經貿 (跨境電商/海外市場/外銷) / 商務談判、報價議價與合約簽訂,1. 開發潛在客戶、拓展市場及維持客戶關係。 2. 碳纖維產品業務接洽及訂單處理。 3. 產品報價及展示，並處理帳款回收相關事宜。 4. 負責業務推展，傳達、說明公司各項業務重大訊息、活動及產品。 5. 售後服務，處理客戶端之問題，給予完善
112,12753825,國外業務,國外業務助理【 跨國溝通國際貿易|進出口處理|物流管理|TOEIC加分|遷廠通勤配套】,見得行股份有限公司,綜合商品批發代理業,龍井區,"月薪 30,000~35,800元",30000,https://www.104.com.tw/job/7lcwx,電商平台營運 (蝦皮/Momo/PChome/Amazon/Alibaba) / 海外與跨境經貿 (跨境電商/海外市場/外銷) / 英語商務溝通 (精通/流利/信件/多益TOEIC) / 進出口關務與報關單據 (報關/L/C信用狀/提單/海空運),我們正在尋找熱情的你加入我們的團隊！ 如果你喜歡動態的工作環境，並且擁有熱衷於挑戰新任務的精神，那麼這份工作非常適合你！讓我們看看你將會做什麼： 管理與追蹤訂單： 負責輸入並處理客戶訂單，確保每個細節都被妥善記錄，並備份重要資料。讓每個訂單
113,12056152,國外業務,國外業務主管,佳研國際股份有限公司,其他商品批發業,烏日區,"月薪 42,857~714,286元",42857,https://www.104.com.tw/job/76el4,海外與跨境經貿 (跨境電商/海外市場/外銷) / 海外客戶開發與國際商展參展,合公司出差與組織國外參展事宜 11.獨立安排拜訪客戶商務行程
114,13387204,國外業務,國外業務專員(歐洲區 / 北美洲區),皇將科技股份有限公司,通用機械設備製造修配業,大里區,"月薪 35,000~50,000元",35000,https://www.104.com.tw/job/7yxms,海外與跨境經貿 (跨境電商/海外市場/外銷) / 商務談判、報價議價與合約簽訂,1. 國外客戶與代理商通路開發、業績目標績效達成、產品介紹及簡報 2. 接單前評估溝通提供客戶方案與報價單 3. 客戶訂單處理流程 4. 掌握訂單出貨狀況、收款及客訴處理 5. 依據市場趨勢，分析競爭廠商之優劣性 6. 代理商與客戶維
115,13912808,國外業務,國外業務助理,德旺健身器材有限公司,綜合商品批發代理業,北區,"月薪 30,000~32,000元",30000,https://www.104.com.tw/job/8a76w,海外與跨境經貿 (跨境電商/海外市場/外銷) / 商務談判、報價議價與合約簽訂,1. 定期報告銷售進度及市場佔有率。 2. 掌握產品設計時程及產量狀況。 3. 協助業務完成跟單動作。 4. 針對客戶提出的合約（交易條件、生產流程、產品要求、售後服務）作初步評估，並在必要時尋求其他部門協助，以即時回應客戶需求。 5. 提
116,15052566,國外業務,國外業務(海外),宇隆科技股份有限公司,其他金屬相關製造業,梧棲區,待遇面議(經常性4萬以上),38000,https://www.104.com.tw/job/8ymmu,海外與跨境經貿 (跨境電商/海外市場/外銷) / 海外客戶開發與國際商展參展 / 商務談判、報價議價與合約簽訂,1.負責國外市場業務拓展、客戶開發及既有客戶維持。 2.針對國外客戶提出的需求作初步評估，即時回應客戶。 3.掌握產品設計時程及產量狀況，以準時出貨。 4.處理公司簡報、報價系統、合約簽訂、接單等事宜。 5.市場分析／產品學習／競爭對手比較
117,12087827,國外業務,國外業務開發管理師,富國興業股份有限公司,其他相關製造業,后里區,待遇面議(經常性4萬以上),38000,https://www.104.com.tw/job/7730z,海外與跨境經貿 (跨境電商/海外市場/外銷) / 商務談判、報價議價與合約簽訂,工作內容： 1.新市場/客戶拓展與開發 2.現有市場/客戶服務維護 3.新產品開發專案管理 4.產品成本核算/訪價/報價 5.顧客滿意度調查/統計/分析/客訴處理 6.具與國外客戶洽談及書信往來的語文能力 7.熟悉國際貿易流程及有實際外銷業
118,13000536,國外業務,國外業務,雙餘實業股份有限公司,自行車及其零件製造業,北屯區,"月薪 35,000~45,000元",35000,https://www.104.com.tw/job/7qna0,海外與跨境經貿 (跨境電商/海外市場/外銷) / 商務談判、報價議價與合約簽訂,1. 負責ODM、OEM與客製化產品規劃、新產品提案與專案需求分析。 2. 業務拓展、籌備及參與國內外展覽。 3. 維持客戶關係，負責產品報價、處理訂單及應收帳款回收等相關事宜。 4. 負責售後服務、客訴及處理客戶端之問題，並提供完善的解決
119,13097359,國外業務,國際業務人員,長毅機械工業有限公司,其他機械製造修配業,龍井區,"月薪 38,000~55,000元",38000,https://www.104.com.tw/job/7spzj,海外與跨境經貿 (跨境電商/海外市場/外銷) / 英語商務溝通 (精通/流利/信件/多益TOEIC),協助機器出口，推廣機械銷售，開發國外市場，展覽場協助 熟英文或西文
120,14648980,國外業務,（台中）國外業務,正通科技股份有限公司,其他電信及通訊相關業,西屯區,"月薪 45,000~50,000元",45000,https://www.104.com.tw/job/8pz84,海外與跨境經貿 (跨境電商/海外市場/外銷) / ERP / SAP 企業資源與進銷存系統 / 商業數據分析與自動化 (Python/PowerBI/Excel樞紐),"上級之間溝通上沒有距離，營造友善的工作環境。 【職缺條件】 國外業務開發,業務或通路開發,國際貿易基本概念,業績目標分配與績效達成,產品介紹及解說銷售，電腦系統操作excel、word、outlook"
121,15169456,國外業務,開發型國際業務(Business Development)｜設計產業｜全球市場,育達股份有限公司,其他金屬相關製造業,西屯區,"月薪 40,000~55,000元",40000,https://www.104.com.tw/job/914ts,海外與跨境經貿 (跨境電商/海外市場/外銷) / 海外客戶開發與國際商展參展,進行商務溝通（能與國外客戶開會、書信往來） 2. 可配合海外出差（平均每月約 1–2 週. 每年可能50% 的時間。也可能更高/低） 3. 對市場開發、業務工作具高度興趣與投入意願 【前6個月發展與目標】 公司提供資源與訓練，但需實際投入市
122,15290011,國外業務,國外業務專員,奕傑電子股份有限公司,其他電子零組件相關業,大里區,"月薪 42,000~53,000元",42000,https://www.104.com.tw/job/93puj,海外與跨境經貿 (跨境電商/海外市場/外銷) / 商務談判、報價議價與合約簽訂,1. 定期報告銷售進度及市場佔有率並提出對策。 2. 管理並開發各區銷售通路與經銷夥伴。 3. 協助新產品設計輸入與量產導入。 4. 客製/ODM產品提案與專案時程掌控。 5. 規劃國際商展，與客戶拜訪，協調行銷活動（如：展覽、廣告、會議）
123,15017985,國外業務,國外業務,浩盟企業股份有限公司,自行車及其零件製造業,南屯區,待遇面議(經常性4萬以上),38000,https://www.104.com.tw/job/8xvy9,海外與跨境經貿 (跨境電商/海外市場/外銷) / 商務談判、報價議價與合約簽訂,1. 定期報告銷售進度及市場佔有率。 2. 掌握產品設計時程及產量狀況。 3. 規劃國際商展，參與企劃，協調行銷活動（如：展覽、廣告、會議）。 4. 針對客戶提出的合約（交易條件、生產流程、產品要求、售後服務）作初步評估，並在必要時尋求其他
124,14154603,國外業務,國外業務助理,台灣微轉股份有限公司,自行車及其零件製造業,神岡區,"月薪 35,000~40,000元",35000,https://www.104.com.tw/job/8fdrf,海外與跨境經貿 (跨境電商/海外市場/外銷) / 進出口關務與報關單據 (報關/L/C信用狀/提單/海空運) / 商務談判、報價議價與合約簽訂,1、處理海外客戶詢價、報價、訂單、出貨等相關業務； 2、協助業務主管進行相關行政事務； 3、與客戶溝通，跟進訂單生產、出貨等進度； 4、出貨報關相關事宜處理； 5、協助生產計劃執行； 6、其他業務主管交辦事項。 歡迎符合條件的申請者投遞履歷
125,5146744,國外業務,國外業務助理,擎歐企業股份有限公司,綜合商品批發代理業,西屯區,"月薪 30,000~35,000元",30000,https://www.104.com.tw/job/32b94,海外與跨境經貿 (跨境電商/海外市場/外銷),1. 國外客戶訂單及出貨等文書相關事宜。 2. 工廠詢價及採購出貨等文書相關事宜。 3. 有自行車業務助理相關經驗者佳。
126,14343275,國外業務,國外業務,準力機械股份有限公司,電力機械器材製造修配業,大雅區,待遇面議(經常性4萬以上),38000,https://www.104.com.tw/job/8jfcb,海外與跨境經貿 (跨境電商/海外市場/外銷) / 商務談判、報價議價與合約簽訂,1. 積極學習設備應用加工特性，推薦適合方案給客戶。 2. 研究市場趨勢、競爭對手和客戶需求，展開業務發展策略。 3. 推動公司業務，發掘和開發新的海外市場機會，以提升市場佔有率。 4. 提供報價確認訂單，即時反應客戶抱怨及協助客戶解決產品
127,7870305,國外業務,國外業務助理,中美防火企業股份有限公司,其他電子零組件相關業,烏日區,"月薪 30,000~35,000元",30000,https://www.104.com.tw/job/4oorl,海外與跨境經貿 (跨境電商/海外市場/外銷) / 英語商務溝通 (精通/流利/信件/多益TOEIC) / 進出口關務與報關單據 (報關/L/C信用狀/提單/海空運),1.協助定期報告銷售進度、市場佔有率及業務銷售狀況報表。 2.協助開發與保持客戶間之聯繫，回覆e-mail，解決客戶需求。 3.協助規劃及參加國際商展，參與企劃，協調行銷活動（如：展覽、廣告、會議，因疫情狀況有所調整）。 4.輸入、處理並追
128,12309060,國外業務,外銷業務專員,安碁科技股份有限公司,被動電子元件製造業,潭子區,"月薪 36,000~9,999,999元",36000,https://www.104.com.tw/job/7btqc,海外與跨境經貿 (跨境電商/海外市場/外銷) / 海外客戶開發與國際商展參展 / 商務談判、報價議價與合約簽訂,1. 客戶關係經營與業務管理 2. 新客戶開發、產品推廣市場拓展 3. 產品提案與報價管理 4. 跨部門溝通協調 5. 業務數據整理與市場資訊蒐集與分析 6. 海外展覽及行銷活動參與
129,15206497,國外業務,早市銷售人員『單｜雙人皆可』,拾貳商行,鞋類／布類／服飾品零售業,中區,待遇面議(經常性4萬以上),38000,https://www.104.com.tw/job/91xep,,【零成本、零囤貨 ｜ 打造你的高薪事業】 你出實力，我出本錢！ 車輛、設備、熱銷服飾公司全包 無痛開啟高收入模式！ 告別死薪水！ 別家不敢給的高額抽成，YUNI 直接開給你！ 我們用最強的「流行商品力」與「完善支援」 挺你無後顧之憂、翻轉收
130,15352283,國外業務,業務助理(英文書信往來),皇將科技股份有限公司,通用機械設備製造修配業,大里區,"月薪 32,000~34,000元",32000,https://www.104.com.tw/job/951wb,英語商務溝通 (精通/流利/信件/多益TOEIC),印度區訂單協助處理 主管交辦事項
131,8688108,國外業務,國外業務人員,澳大利亞商勤可龍股份有限公司台灣分公司,綜合商品批發代理業,西屯區,"月薪 30,000~40,000元",30000,https://www.104.com.tw/job/567sc,海外與跨境經貿 (跨境電商/海外市場/外銷) / 英語商務溝通 (精通/流利/信件/多益TOEIC) / 商務談判、報價議價與合約簽訂,本公司為澳洲KINCROME在台設立之採購單位，主要任務為亞太地區之供應商開發，管理，專案執行，為KINCROME跨國發展重要據點。 組織年輕且扁平，工作面向多元，主營產品為手工具，此職缺為近期公司擴編之業務需求，也歡迎新鮮人。 工作內容：
132,13434674,國外業務,國外業務專員(工作地點:台中),英發企業股份有限公司,金屬手工具製造業,西屯區,待遇面議(經常性4萬以上),38000,https://www.104.com.tw/job/7zy9e,電商平台營運 (蝦皮/Momo/PChome/Amazon/Alibaba) / 海外與跨境經貿 (跨境電商/海外市場/外銷) / 英語商務溝通 (精通/流利/信件/多益TOEIC) / 海外客戶開發與國際商展參展 / 商務談判、報價議價與合約簽訂 / 商業數據分析與自動化 (Python/PowerBI/Excel樞紐),1. 產品報價、確認訂單。 2. 擴展所屬地區市場、回饋市場情報、開發新客戶。 3. 協助參展承辦及參展樣品規劃。 4. 不定時客戶拜訪及客戶關係維持。 5. 積極度佳。 6.上班地點：台中辦公室 具備技能 1. 熟練使用Microsoft
133,3789801,國外業務,國外業務助理,雅得電池股份有限公司,電池製造業,西屯區,"月薪 35,000~40,000元",35000,https://www.104.com.tw/job/29889,海外與跨境經貿 (跨境電商/海外市場/外銷) / ERP / SAP 企業資源與進銷存系統 / 商業數據分析與自動化 (Python/PowerBI/Excel樞紐),1. 基本國際貿易概念。 2. 輸入、處理並追蹤客戶訂單，進行ERP 訂單相關流程操作。 3. 定期跟催客戶下單，與客戶/業務/工廠對接訂單細節。 4. 定期檢視應收帳款情形，現行付款期限是否合理，並隨時回報客戶/業務帳款 異常情況，以保障
134,14145183,國外業務,國外業務助理,中義科技機械股份有限公司,其他機械製造修配業,大里區,"月薪 36,000~9,999,999元",36000,https://www.104.com.tw/job/8f6hr,海外與跨境經貿 (跨境電商/海外市場/外銷) / 商務談判、報價議價與合約簽訂,1. 處理國外客戶的詢價、報價、訂單及出貨等相關事務。 2. 協助規劃國內、外展覽活動，參與企劃協調行銷活動。 3. 定期提供主管銷售狀況報表。
135,1267080,國外業務,國外業務專員,幸記工業股份有限公司,金屬加工用機械製造修配業,烏日區,待遇面議(經常性4萬以上),38000,https://www.104.com.tw/job/r5oo,海外與跨境經貿 (跨境電商/海外市場/外銷) / 商務談判、報價議價與合約簽訂,1. 訂單PI 回覆 2. 主要客戶訂單預測資料提供 3. 現有客戶或新客戶新產品開發、報價與後續訂單追蹤 4. 客戶客訴問題處理與回報 5. 年度展覽籌備/參與 6. 帳款確認，逾期未收款追蹤與跟催
136,11112130,國外業務,國外業務專員/國貿人員,油田油壓股份有限公司,專用生產機械製造修配業,烏日區,"月薪 32,000~40,000元",32000,https://www.104.com.tw/job/6m66a,海外與跨境經貿 (跨境電商/海外市場/外銷) / 英語商務溝通 (精通/流利/信件/多益TOEIC) / 進出口關務與報關單據 (報關/L/C信用狀/提單/海空運) / 海外客戶開發與國際商展參展,"1.處理國際貿易事務, 市場開發、接單、進出口文件作業、進度追蹤 2.從事商品或服務的國外銷售、業務推廣等工作 3.客戶售前/售後服務諮詢 4.須能以英文與國外客戶對話及書信往來 5.須出差配合公司海外參展或拜訪客戶"
137,11927974,國外業務,國外業務專員,新可大國際股份有限公司,自行車及其零件製造業,大甲區,"月薪 35,000~45,000元",35000,https://www.104.com.tw/job/73nom,海外與跨境經貿 (跨境電商/海外市場/外銷) / 海外客戶開發與國際商展參展,1.客戶管理-客戶銷售實績分析及管理 2.新客戶(市場)開發 3.年度銷售預測及計畫 4.訂單管理 5.貨款催收、呆帳處理 6.客戶關係維繫、拜訪客戶 7.客訴服務與回饋 8.自行車展參與 9. 主管交辦事項
138,15130767,國外業務,國外業務開發專員,鐿鈦科技股份有限公司,醫療器材製造業,南屯區,待遇面議(經常性4萬以上),38000,https://www.104.com.tw/job/90az3,海外與跨境經貿 (跨境電商/海外市場/外銷),※ 歡迎具醫療、車用或航太產業國外業務經驗的人才加入！薪資待遇將依專業能力與經驗優渥敘薪，並提供歐美市場出差與拓展國際業務的機會。 1.開發潛在新客戶，拓展市場，以達成業績目標。 2.原有客戶關係維持，專案管理、出貨追蹤。 3.客戶來訪接待
139,13287568,國外業務,國外業務專員【中科】,亞崴機電股份有限公司,精密儀器相關製造業,西屯區,"月薪 35,000~45,000元",35000,https://www.104.com.tw/job/7wsr4,海外與跨境經貿 (跨境電商/海外市場/外銷) / 商務談判、報價議價與合約簽訂,1.國外客戶書信往來、報價、訂單等等處理，針對客戶需求及時回覆 2.客戶來訪接待、規劃並參加國內外相關展覽活動 3.熟悉出口貿易流程 4.細心、理解能力好、責任感、主動積極及須有普通小型車駕照 5.主管交辦事物
140,12189640,國外業務,國外業務助理,耿舜企業股份有限公司,專用生產機械製造修配業,西屯區,"月薪 32,000~40,000元",32000,https://www.104.com.tw/job/799l4,海外與跨境經貿 (跨境電商/海外市場/外銷) / 商務談判、報價議價與合約簽訂,一位細心、具溝通能力的人才，協助業務團隊順暢運作，成為公司與客戶之間的重要橋樑。 【工作內容】 1. 負責訂單處理與出貨安排，確保交期準確與流程順暢 2. 協助客戶產品諮詢、價格查詢與報價作業 3. 文件整理、資料建檔與進度追蹤，並即時回覆
141,14046073,國外業務,【 國外業務人員】★固定月薪+獎金另計，等您的加入!!,映興電子股份有限公司,其他電子零組件相關業,南屯區,"月薪 38,000~40,000元",38000,https://www.104.com.tw/job/8d20p,海外與跨境經貿 (跨境電商/海外市場/外銷) / 商務談判、報價議價與合約簽訂,1.現有客戶維護 及提共訂單交貨進度 2.現有客戶新產品開發並展開估價 報價 & 送樣進度 3.客戶端及時性付款與收款跟催 4.連絡與協調深圳、崑山/ 泰國相關產品製造、出貨相關等事宜 5.新客戶需求報價及相關事項進度回覆 6.客戶訴怨依作
142,7213037,國外業務,國外業務專員(內勤),橋椿金屬股份有限公司,其他金屬相關製造業,大雅區,"月薪 31,000~38,000元",31000,https://www.104.com.tw/job/4alm5,海外與跨境經貿 (跨境電商/海外市場/外銷) / 英語商務溝通 (精通/流利/信件/多益TOEIC) / 商務談判、報價議價與合約簽訂,1.訂單管理、出貨安排與相關單據製作。 2.報價、請款等業務行政作業。 3.產品開發專案進度追蹤與跨部門協調。 4.客戶服務，英文Email往來及客訴處理。 5.客戶與廠內各部門溝通協調。 6.主管交辦事項 *內勤客戶服務業務 實際薪資將依
143,14867673,國外業務,國外業務助理,晨州塑膠工業股份有限公司,其他半導體相關業,外埔區,"月薪 35,000~45,000元",35000,https://www.104.com.tw/job/8unyx,海外與跨境經貿 (跨境電商/海外市場/外銷) / 進出口關務與報關單據 (報關/L/C信用狀/提單/海空運) / 商務談判、報價議價與合約簽訂,1. 處理並追蹤客戶訂單，報價單處理。 2. 保持與客戶間之聯繫，回覆e-mail，並確認交貨期。 3. 提供出貨文件，協助業務人員控管出貨，並處理進出口事宜。 4. 銷售狀況報表製作。 5.其他主管交辦事項。
144,14722049,國外業務,【總公司】國外業務人員,佐登妮絲國際股份有限公司,美容／美體業,北區,待遇面議(經常性4萬以上),38000,https://www.104.com.tw/job/8rjlt,海外與跨境經貿 (跨境電商/海外市場/外銷) / 海外客戶開發與國際商展參展 / 商務談判、報價議價與合約簽訂,1.具有海外開拓市場，以海外地區品牌商經驗為佳。 2.具備獨立開發新客戶、客戶合約簽約，代工及代理行銷作業推動與執行。 3.具有各區域市場B2B ，拓客平台資源的評估與投放過程的效益偵測。 4.具有保養品相關品牌海外經銷，代工拓展經驗3年以
145,7803679,國外業務,國外業務,振鋒企業股份有限公司,其他金屬相關製造業,西屯區,待遇面議(經常性4萬以上),38000,https://www.104.com.tw/job/4n9cv,海外與跨境經貿 (跨境電商/海外市場/外銷),"1.Analyze sales result, frequently discuss business status and quarterly/annually forecast with key account. 2.Set up ta"
146,15142068,國外業務,國外業務專員,程泰機械股份有限公司,通用機械設備製造修配業,西屯區,待遇面議(經常性4萬以上),38000,https://www.104.com.tw/job/90jp0,海外與跨境經貿 (跨境電商/海外市場/外銷) / 海外客戶開發與國際商展參展 / 商務談判、報價議價與合約簽訂,1. 國外代理商訂單管理、產品報價，技術諮詢。 2. 出貨/售服相關事宜協辦，業務相關報表資訊整理。 3. 國際展覽協辦 4. 客戶來訪接待 5. 其它主管交辦事宜
147,4750590,國外業務,國外業務人員,高明精機工業股份有限公司,金屬加工用機械製造修配業,后里區,"月薪 40,000~46,000元",40000,https://www.104.com.tw/job/2ttku,海外與跨境經貿 (跨境電商/海外市場/外銷) / 進出口關務與報關單據 (報關/L/C信用狀/提單/海空運) / 海外客戶開發與國際商展參展 / 商務談判、報價議價與合約簽訂,1. 維持國外現有客戶與代理商的日常聯繫（Email、視訊），即時回覆商務需求與產品詢價。 2. 定期規劃海外出差，實地拜訪客戶與代理商，維護客情並開發潛在市場。 3. 處理客戶報價、訂單談判、信用狀（L/C）基本審查、收款進度及出貨安排。
148,14364392,國外業務,國外業務專員(日文),聖杰國際股份有限公司,金屬加工用機械製造修配業,大雅區,"月薪 37,000~9,999,999元",37000,https://www.104.com.tw/job/8jvmw,海外與跨境經貿 (跨境電商/海外市場/外銷) / 第二外語能力 (日文/越語/西語/德語),★公司提供「完整新人教育訓練」，並由專業前輩逐步帶領學習。 ★我們正在尋找「擔任過1年以上日文業務」的夥伴，歡迎有興趣的你一起參與，並收穫滿滿成就感與自信! 1.國外代理商客戶關系聯繫 2.協助客戶技術服務事務 3.圖面案件溝通及後續追蹤 
149,898655,國外業務,台中烏日_國外業務人員,虹光化學工業股份有限公司,化學原料製造業,烏日區,"月薪 38,000~60,000元",38000,https://www.104.com.tw/job/j9en,海外與跨境經貿 (跨境電商/海外市場/外銷) / 海外客戶開發與國際商展參展,國外業務人員: 1.負責開拓國外染料市場(東南亞、中東、南美洲等)，開發新客戶，尋找國外合作夥伴。 2.管理客戶業務，提高公司之業績。 3.參加國際性展覽並規劃各項事宜。 4. 其他主管交辦事項。
150,12193014,國外業務,Sales Representative 國外業務助理 (SU),勗富有限公司,其他電子零組件相關業,西區,"月薪 35,000~9,999,999元",35000,https://www.104.com.tw/job/79c6u,海外與跨境經貿 (跨境電商/海外市場/外銷) / 英語商務溝通 (精通/流利/信件/多益TOEIC) / 海外客戶開發與國際商展參展 / 商務談判、報價議價與合約簽訂,歡迎應屆畢業生，及有興趣加入國際貿易者，無經驗可。 (一)工作內容: 1.協助處理主管交辦事項。 2.推廣及銷售公司産品、客訴處理、報價與內部溝通。 3.跟進維護老客戶訂單，開發新客戶。 4.與國外客戶英文email及電話溝通。 5.有國外
151,13517985,國外業務,台中烏日_國外業務助理,虹光化學工業股份有限公司,化學原料製造業,烏日區,"月薪 33,000~38,000元",33000,https://www.104.com.tw/job/81qjl,海外與跨境經貿 (跨境電商/海外市場/外銷) / 英語商務溝通 (精通/流利/信件/多益TOEIC) / 進出口關務與報關單據 (報關/L/C信用狀/提單/海空運),1. 協助主管聯繫國外客戶。 2. 具備商業英文書寫、溝通能力為佳。 3. 協助製作以及處理國際貿易進出口相關文件。 4. 進出口訂單處理，追蹤交貨期及出貨狀況與跨部門溝通協調。
152,8852622,國外業務,國外業務(OEM),振鋒企業股份有限公司,其他金屬相關製造業,西屯區,待遇面議(經常性4萬以上),38000,https://www.104.com.tw/job/59qq6,海外與跨境經貿 (跨境電商/海外市場/外銷) / 商務談判、報價議價與合約簽訂,1. 參與 OEM 客戶專案開發，負責新產品案件建立與進度追蹤，達成年度銷售目標。 2. 執行報價、交期追蹤及客戶問題回覆，維繫良好合作關係。 3. 了解客戶需求與市場變化，進行需求預測與銷售分析。 4. 蒐集市場與客戶資訊，掌握產業趨勢。
153,14362025,國外業務,海外業務經理,山汰科技股份有限公司,其他電子零組件相關業,南屯區,"月薪 60,000~150,000元",60000,https://www.104.com.tw/job/8jtt5,海外與跨境經貿 (跨境電商/海外市場/外銷) / 英語商務溝通 (精通/流利/信件/多益TOEIC) / 商務談判、報價議價與合約簽訂,1.海外市場訊息的蒐集與分析、客戶銷售方案的策劃與執行。 2.依顧客需求報價及簽約、客戶關係的維護與需求服務的滿足。 3.優秀的英語書寫和口語能力，能使用英語作為主要語言進行工作 4.協助主管推動全球布局，開拓海外市場。
154,14027598,國外業務,國貿業務人員/國外業務International sales,盛華興國際有限公司,綜合商品批發代理業,沙鹿區,"月薪 36,000~50,000元",36000,https://www.104.com.tw/job/8cnri,海外與跨境經貿 (跨境電商/海外市場/外銷) / 海外客戶開發與國際商展參展,"【工作內容】 1. 國外市場業務開發及既有客戶業務訂單維持，需前往國外出差 2. 規劃國際商展，擬定行銷計畫（如：展覽、廣告、會議），聯絡接待/拜訪國外客戶, 需要 前往國外參展。 3. 擬訂行銷專案計畫. 【工作條件】 1. 具國貿相關經"
155,13495647,國外業務,國際業務專員 International Sales,鈺皓實業股份有限公司,通用機械設備製造修配業,太平區,"月薪 40,000~9,999,999元",40000,https://www.104.com.tw/job/819b3,海外與跨境經貿 (跨境電商/海外市場/外銷) / 海外客戶開發與國際商展參展 / 商務談判、報價議價與合約簽訂,. 開發國際經銷商、代理商，建立長期合作關係。 2. 處理詢價、報價、訂單跟進，拓展海外市場。 3. 參加、規劃國際展覽，提升公司能見度。 4. 與內部團隊合作，確保客戶滿意度。
156,11066336,國外業務,國外業務人員,博大科技股份有限公司,其他電子零組件相關業,南屯區,待遇面議(經常性4萬以上),38000,https://www.104.com.tw/job/6l6u8,海外與跨境經貿 (跨境電商/海外市場/外銷),本公司訂單穩定且持續成長，因應組織需求擴大招募人才，歡迎具備穩定度與成長思維的夥伴加入我們，共同支持公司邁向全球化佈局。 1.經營及持續拓展海外市場，以達成業績目標。 2.其他主管交辦事項。
157,13850394,國外業務,國外業務,高明鐵企業股份有限公司,其他相關製造業,西屯區,待遇面議(經常性4萬以上),38000,https://www.104.com.tw/job/88v16,海外與跨境經貿 (跨境電商/海外市場/外銷) / 英語商務溝通 (精通/流利/信件/多益TOEIC) / 第二外語能力 (日文/越語/西語/德語) / 海外客戶開發與國際商展參展 / 商務談判、報價議價與合約簽訂,1. 報價、接單、出貨、收款、客訴等業務事項處理 2. 新客戶開發、參展 3. 市場資訊收集與行銷規劃 4. 產銷協調與跨單位溝通 具日文或英文能力者，將優先安排面試。
158,11718507,國外業務,國外ODM業務/資深ODM國外業務,明昌國際工業股份有限公司,金屬容器製造業,外埔區,待遇面議(經常性4萬以上),38000,https://www.104.com.tw/job/6z623,海外與跨境經貿 (跨境電商/海外市場/外銷) / 英語商務溝通 (精通/流利/信件/多益TOEIC) / 海外客戶開發與國際商展參展,備條件： 1.具ODM業務三年以上經驗 2.具海外客戶管理經驗 3.具備英文口說及書寫能力(TOEIC750) 4.積極負責、抗壓性高及良好的團隊合作精神 5.可配合海外出差
159,12877074,國外業務,國外業務助理,加樂實業有限公司,建材／傢俱批發業,西屯區,"月薪 30,000~40,000元",30000,https://www.104.com.tw/job/7o00i,海外與跨境經貿 (跨境電商/海外市場/外銷) / 英語商務溝通 (精通/流利/信件/多益TOEIC) / 海外客戶開發與國際商展參展 / 商務談判、報價議價與合約簽訂,外銷業務助理｜踏入國際貿易的最佳起點！ 無需相關外銷經驗，公司提供完整培訓，帶你一步步成長為獨立業務！ 主要工作內容（公司提供詳細培訓） 1. 協助業務處理訂單相關事務，確保流程順暢。 2. 與廠商聯繫，進行詢價作業。 3. 向客戶報價，協
160,8287235,國外業務,國外業務助理,華偉實業股份有限公司,塑膠製品製造業,南屯區,待遇面議(經常性4萬以上),38000,https://www.104.com.tw/job/4xmgz,海外與跨境經貿 (跨境電商/海外市場/外銷),您是否是一個注重細節、熱衷於支援銷售團隊並確保客戶滿意度的人？我們正在尋找一位才華橫溢的銷售協調員加入我們的團隊，發揮關鍵作用，維護牢固的客戶關係。作為銷售協調員，您將與業務合作，協調銷售活動，並提供必要的行政支持。 作為銷售協調員，您將成
161,13786008,國外業務,國外業務開發專員（緬甸）,三久股份有限公司,電力機械器材製造修配業,大里區,待遇面議(經常性4萬以上),38000,https://www.104.com.tw/job/87hco,海外與跨境經貿 (跨境電商/海外市場/外銷),1.開拓緬甸市場，開發潛在客戶與推廣產品 2.維繫既有客戶、建立長期良好夥伴關係 3.調查與分析市場需求、制定與執行銷售計劃 4.協助客戶解決問題、維持客戶滿意度 5.規劃並參加國內外展覽，提升品牌形象與知名度
162,13762090,國外業務,B2B 國外業務代表,高鼎精密材料股份有限公司,化學原料製造業,南屯區,待遇面議(經常性4萬以上),38000,https://www.104.com.tw/job/86ywa,海外與跨境經貿 (跨境電商/海外市場/外銷),高鼎的產品有獨特的競爭優勢，國外業務代表需主動探詢、了解客戶的需求，並設法解決客戶的問題，和客戶共創雙贏。高鼎的客戶群遍及海內外，這份職位提供了世界級的舞台讓有企圖心的人才盡情發揮。 【工作內容】(國外客戶) 1、開發潛在客戶及拓展市場、定
163,15367983,國外業務,國外業務人員,精林國際有限公司,機械器具零售業,大里區,待遇面議(經常性4萬以上),38000,https://www.104.com.tw/job/95e0f,海外與跨境經貿 (跨境電商/海外市場/外銷) / 進出口關務與報關單據 (報關/L/C信用狀/提單/海空運) / 海外客戶開發與國際商展參展,1.處理客戶業務銷售相關之作業。 2.出口貿易船務相關工作。 3.客戶日常維繫溝通協調相關工作。 4.產品開發流程相關工作。 5.客戶帳款事項相關工作。 6.新客戶開發相關工作。 7.其他主管交辦專案事項。
164,12652214,國外業務,【擴廠急徵】國貿外銷業務/船務助理 / (內勤・享完整培訓),與日電子有限公司,其他電子零組件相關業,西屯區,"月薪 33,000~40,000元",33000,https://www.104.com.tw/job/7j6ie,海外與跨境經貿 (跨境電商/海外市場/外銷) / 進出口關務與報關單據 (報關/L/C信用狀/提單/海空運),【因應 2026 國際訂單大豐收、新廠擴大落成，與日電子誠徵核心內勤夥伴！】 這不只是一份單純輸入資料的助理工作。在與日，你將成為國外業務團隊的「最強後盾」與「商務專案推手」。我們擁有完整的培訓體系，帶領你從零認識全球汽車售後市場（AM）的
165,13293354,國外業務,國際業務專員-台中,金全益股份有限公司,其他金屬相關製造業,西屯區,待遇面議(經常性4萬以上),38000,https://www.104.com.tw/job/7wx7u,電商平台營運 (蝦皮/Momo/PChome/Amazon/Alibaba) / 海外與跨境經貿 (跨境電商/海外市場/外銷) / 海外客戶開發與國際商展參展 / 商務談判、報價議價與合約簽訂 / 數位行銷與流量廣告投放 (GA4/SEO/Meta/廣告),1.維護既有國際客戶，處理報價、訂單與出貨相關事宜。 2.開發新客戶與新市場，協助推廣公司產品。 3.協助規劃與執行海外展會、行銷活動。 4.參與公司跨境電商專案，操作美國 Amazon 平台： 商品上架、文案編輯、關鍵字設定 庫存與
166,6653093,國外業務,國外業務專員,富商企業股份有限公司,其他紡織製品製造業,大里區,待遇面議(經常性4萬以上),38000,https://www.104.com.tw/job/3ylk5,海外與跨境經貿 (跨境電商/海外市場/外銷) / 商務談判、報價議價與合約簽訂,1. 針對客戶提出的議價做初步評估，並在必要時尋求主管協助，以即時回應客戶需求。 2. 負責國外業務接洽及訂單處理，提供報價確認訂單，以準時出貨。 3. 提供客戶新產品資訊，及早送樣取得認可與追蹤後續訂單。 4. 與工廠端聯繫新品開發進度及
167,12789167,國外業務,國外業務助理,富商企業股份有限公司,其他紡織製品製造業,大里區,"月薪 35,000~38,000元",35000,https://www.104.com.tw/job/7m46n,海外與跨境經貿 (跨境電商/海外市場/外銷) / 進出口關務與報關單據 (報關/L/C信用狀/提單/海空運),1. 輸入、處理並追蹤客戶訂單，並將訂單資料存檔備份。 2. 保持與客戶間之聯繫，回覆e-mail，並確認交貨期。 3. 提供出貨文件，協助業務人員控管出貨，並處理進出口事宜。 4. 定期提供業務銷售狀況報表，以供業務人員或主管參考。 5.
168,15011392,國外業務,外銷業務助理,炬鋒特殊鋼股份有限公司,鋼鐵基本工業,豐原區,"月薪 32,000~40,000元",32000,https://www.104.com.tw/job/8xqv4,海外與跨境經貿 (跨境電商/海外市場/外銷) / 英語商務溝通 (精通/流利/信件/多益TOEIC) / 海外客戶開發與國際商展參展 / 商務談判、報價議價與合約簽訂,1. 業務開發： 透過網路/通訊軟體/電話及各種推廣管道開發國外新客戶(B2B) 國際展覽參展事宜、商務活動及客戶接洽 2. 業務服務： 外銷客戶服務與聯繫，包括電子英文書信、電話溝通、報價、訂單 建立及售後問題處理等。 積極追蹤開發進度，
169,8368774,國外業務,國外業務,昶瑞機電股份有限公司,精密儀器相關製造業,龍井區,"月薪 35,000~50,000元",35000,https://www.104.com.tw/job/4zddy,海外與跨境經貿 (跨境電商/海外市場/外銷) / 進出口關務與報關單據 (報關/L/C信用狀/提單/海空運),"1. 客戶需求處理，客戶信件往來，客戶關係維護。 2. 協調安排確認交貨期, 處理並追蹤國外客戶訂單。 3. 提供出貨文件，控管出貨，並處理進出口事宜。 4. 客戶銷貨貨款追蹤處理 5. 定期提供業務銷售狀況報表，以供主管參考。 6."
170,4232480,國外業務,國外業務人員,雅得電池股份有限公司,電池製造業,西屯區,"月薪 38,000~46,000元",38000,https://www.104.com.tw/job/2ipsw,海外與跨境經貿 (跨境電商/海外市場/外銷) / 商務談判、報價議價與合約簽訂,1. 處理國外客戶訂單、報價及包裝等業務 2. 針對客戶提出的合約（交易條件、生產流程、產品要求、售後服務）作初步評估，並在必 要時尋求其他部門協助，以即時回應客戶需求。 3. 負責與工廠溝通，確保生產進度與交期的準確性 4. 擔任國際
171,15212190,國外業務,【新廠擴編】 資深國外業務專員,羽泰科技股份有限公司,金屬加工用機械製造修配業,大甲區,待遇面議(經常性4萬以上),38000,https://www.104.com.tw/job/921su,海外與跨境經貿 (跨境電商/海外市場/外銷) / 海外客戶開發與國際商展參展 / 商務談判、報價議價與合約簽訂,1. 掌握產品設計時程及產量狀況，並追蹤產品交期 2. 提供報價確認訂單 3. 提供客戶新產品及市場資訊 4. 定期檢視每個客戶的下單及業績狀況 5. 開拓海外市場，尋找國外戰略合作夥伴 6. 負責客戶維護及開發新客戶 7. 解決與回覆客訴
172,9646672,國外業務,國外業務專員,鼎京科技有限公司,其他電子零組件相關業,西屯區,"月薪 45,000~55,000元",45000,https://www.104.com.tw/job/5qrf4,海外與跨境經貿 (跨境電商/海外市場/外銷) / 商務談判、報價議價與合約簽訂,1. 客戶聯繫溝通與關係維持深化連結。針對客戶需求進行初步評估，整合內部資源，即時回應客戶需求。 2. 訂單處理與跟進，掌握產品設計時程及產量狀況。 3. 業務相關資料管理。ex:提供報價確認訂單，以準時出貨。 4. 協調會議與活動安排。 
173,15270673,國外業務,光通信-國外業務助理(台中后里),GIS-KY(6456)業成集團_英特盛科技股份有限公司,光電產業,后里區,"月薪 35,000~50,000元",35000,https://www.104.com.tw/job/93axd,海外與跨境經貿 (跨境電商/海外市場/外銷) / 進出口關務與報關單據 (報關/L/C信用狀/提單/海空運) / 商業數據分析與自動化 (Python/PowerBI/Excel樞紐),1. 進出口訂單管理與異常追蹤，負責訂單的全流程處理，並熟練運用 Excel、Word 及內部系統 2. 與工廠即時溝通，掌控交期 3. 財務對帳與應收帳款文件申請、管理
174,15130738,國外業務,【CBD】國外業務專員（阿里巴巴）,Graminton_鉅瑋實業有限公司,綜合商品批發代理業,西屯區,待遇面議(經常性4萬以上),38000,https://www.104.com.tw/job/90aya,電商平台營運 (蝦皮/Momo/PChome/Amazon/Alibaba) / 海外與跨境經貿 (跨境電商/海外市場/外銷) / 商務談判、報價議價與合約簽訂,1.承接官網與阿里巴巴洽詢需求及報價，促進成交並維繫顧客關係。 2.執行阿里巴巴店鋪建置與維護、產品上架及詳情頁優化。 3.負責流量與轉化管理，執行 P4P（直通車）競價操作以提升流量。 4.進行主動商務開發，積極報價 RFQ 並處理全球買
175,13582442,國外業務,國外業務專員,上福全球科技股份有限公司,電腦及其週邊設備製造業,梧棲區,待遇面議(經常性4萬以上),38000,https://www.104.com.tw/job/834a2,海外與跨境經貿 (跨境電商/海外市場/外銷),1. 市場經營：負責業務維護拓展，掌握市場動態並推動業績成長。 2. 行銷活動協作支援：依負責市場需求，與行銷單位協作評估規畫並參與展會或推廣活動。 3. 跨部門協作：協調相關部門(研發、品保、供應鏈等)，確保客戶需求與訂單順利執行。 4.
176,9231961,國外業務,外銷業務助理(台中),五綸織造股份有限公司,紡織成衣業,西屯區,"月薪 32,000~40,000元",32000,https://www.104.com.tw/job/5hvfd,海外與跨境經貿 (跨境電商/海外市場/外銷) / 進出口關務與報關單據 (報關/L/C信用狀/提單/海空運),1. 掌控訂單與出貨： 追蹤客戶訂單進度，流暢安排船期與報關，確保準時交貨。 2. 跨部門協調溝通： 作為客戶與廠內生管的橋樑，彈性協調產線排程，滿足交期需求。 3. 協助排除異常問題，與國外業務緊密配合，確保訂單順利結案。 4. 執行業務
177,11536658,國外業務,國外業務主管,立宜全科技股份有限公司,光電產業,豐原區,待遇面議(經常性4萬以上),38000,https://www.104.com.tw/job/6v9qq,海外與跨境經貿 (跨境電商/海外市場/外銷) / 海外客戶開發與國際商展參展,1.帶領國外業務團隊達到預訂之業績目標，負責客戶維護及開發新客戶。 2.負責開拓海外市場，尋找國外戰略合作夥伴。 3.掌握出貨狀況，並追蹤產品交期。 4.服務客戶並掌握客戶需求，建立長期夥伴。 5.督導國外業務人員推動部門日常運作事務。 6
178,14908071,國外業務,國外業務專員 (業務五部),吉嘉電子股份有限公司,電腦及其週邊設備製造業,潭子區,待遇面議(經常性4萬以上),38000,https://www.104.com.tw/job/8vj53,海外與跨境經貿 (跨境電商/海外市場/外銷) / 商務談判、報價議價與合約簽訂,1. 客戶服務應對、接單訂單處理跟催、出貨、應收帳款管理 2. 新機種報價、後續試產進度回報。 3. 掌握商品開發時程及量產狀況。 4. 出差及主管交辦事項。
179,3935820,國外業務,國外業務(歐美市場)【歡迎相關科系應屆畢業生，無經驗可】,今國光學工業股份有限公司,光學器材製造業,梧棲區,"月薪 33,000~9,999,999元",33000,https://www.104.com.tw/job/2ccwc,海外與跨境經貿 (跨境電商/海外市場/外銷),【光學產業領導品牌】 ★ 薪優福利多！享年終獎金、留任獎金，符合資格可申請交通/租屋補助 ★ 安心好食在！員工自助餐廳補助，多元美食任你挑選 ★ 暖心好照顧！提供員工制服、定期健康檢查及特約幼兒園托嬰 【工作內容】 1.負責歐美地區的業務銷
180,15303498,國外業務,國外業務部主管（經理職）,海昌隱形眼鏡_永勝光學股份有限公司,光學器材製造業,大雅區,待遇面議(經常性4萬以上),38000,https://www.104.com.tw/job/94096,海外與跨境經貿 (跨境電商/海外市場/外銷),【職務說明】 我們正在招募具備國際市場開發、OEM／ODM業務經驗、關鍵客戶經營能力及團隊管理經驗的國外業務主管。 此職務將負責公司海外業務發展、重要客戶關係維護、業務團隊管理及跨部門協調，並依據公司營運目標制定業務策略，帶領團隊拓展國際市
181,15022748,國外業務,專案副理(國外業務),辰熙精密股份有限公司,電池製造業,清水區,待遇面議(經常性4萬以上),38000,https://www.104.com.tw/job/8xzmk,海外與跨境經貿 (跨境電商/海外市場/外銷) / 商務談判、報價議價與合約簽訂,1.整合資源、定義產品方向、協調跨部門合作的關鍵角色，需兼具溝通、邏輯與決策能力 2.客戶拜訪開發並推銷產品 3.依顧客需求做報價及簽約 4.顧客售後滿意度維持(如: 顧客抱怨及問題反應處理、維持顧客對公司及業務員信賴度) 6.顧客意見回饋
182,14748341,國外業務,國外業務 International Sales Representative,塞席爾商盈創有限公司台灣分公司,其他投資理財相關業,西屯區,待遇面議(經常性4萬以上),38000,https://www.104.com.tw/job/8s3w5,海外與跨境經貿 (跨境電商/海外市場/外銷) / 商業數據分析與自動化 (Python/PowerBI/Excel樞紐),"Job Responsibilities Business development: expand and maintain customer relationships, and provide excellent service wit"
183,15276443,國外業務,國外業務專員【台中港科技產業園區】,三千集團_三千貿易股份有限公司,綜合商品批發代理業,梧棲區,"月薪 35,000~60,000元",35000,https://www.104.com.tw/job/93fdn,海外與跨境經貿 (跨境電商/海外市場/外銷) / 海外客戶開發與國際商展參展,一同加入「做事誠信、做人熱情、經營永續」的台灣好企業~ 【只要你敢拼，機會就在你眼前；只要肯冒險，成功就在你身邊】 【國外業務專員】-從事國外業務開發/客戶關係維護 1.國外業務(客戶開發、業務推廣接單及客戶關係維繫) 2.國外客戶書信來往
184,3796638,國外業務,國外業務人員,正証光機械股份有限公司,專用生產機械製造修配業,太平區,"月薪 35,000~40,000元",35000,https://www.104.com.tw/job/29di6,海外與跨境經貿 (跨境電商/海外市場/外銷) / 海外客戶開發與國際商展參展,"職類：國外業務, 業務助理, 國貿人員, 專案管理 A) 處理國內外廠商與客戶連絡、電話/視訊會議、接洽接待、翻譯往來文書及技術文件。 B) 拜訪客戶、產品介紹、開發市場客戶。 C) 負責客戶資料、廠商資料及相關檔案文件的整理、建檔與維護。"
185,14638111,國外業務,國外業務助理(知名手工具大廠)(擴編),光榮工業股份有限公司,金屬手工具製造業,大里區,"月薪 36,000~40,000元",36000,https://www.104.com.tw/job/8pqu7,海外與跨境經貿 (跨境電商/海外市場/外銷) / 海外客戶開發與國際商展參展 / ERP / SAP 企業資源與進銷存系統,1.訂單處理 2.協助國外參展之樣品準備 3.文書報表處理 4.主管交辦事項 5.ERP系統操作流程
186,14996895,國外業務,【大甲新廠】國外業務助理,新萊應材科技有限公司,金屬加工用機械製造修配業,大甲區,"月薪 35,000~40,000元",35000,https://www.104.com.tw/job/8xfof,海外與跨境經貿 (跨境電商/海外市場/外銷) / 海外客戶開發與國際商展參展 / 商務談判、報價議價與合約簽訂,1.協助報價、訂單、出貨及帳務處理。 2.提供客戶報價單與產品資訊。 3.提出物料相關需求申請。 4.維護客戶相關資料。 5.負責支援客戶來訪、會議及行程安排(須配合海外出差設展/廠商拜訪)。 6.主管交辦事項。 ★需求條件： 1.不
187,1626264,國外業務,外銷業務人員,崧傑股份有限公司,綜合商品批發代理業,北屯區,"月薪 36,000~48,000元",36000,https://www.104.com.tw/job/yuu0,海外與跨境經貿 (跨境電商/海外市場/外銷) / 英語商務溝通 (精通/流利/信件/多益TOEIC) / 海外客戶開發與國際商展參展,參展相關事宜及展後追蹤事宜(疫情期間暫無實體參展需求) 5. 國外客戶來訪、視訊會議等相關安排 6. 專案規劃與進度管理 7. 具TOEIC檢測達800分以上認證為佳 8. 有意願嘗試成為企業管理人才為佳 *無應酬文化
188,13681643,國外業務,國外業務經理,富國興業股份有限公司,其他相關製造業,后里區,待遇面議(經常性4萬以上),38000,https://www.104.com.tw/job/858tn,海外與跨境經貿 (跨境電商/海外市場/外銷) / 海外客戶開發與國際商展參展,【工作內容】 市場與通路：負責西歐、美國與中國市場的既有客戶維護與新通路開發。 團隊管理：帶領與培訓現有 2-3 人的國外業務團隊，督導業績目標達成。 策略與預算：擬定年度銷售計劃、編列展會與業績預算。 參展與接待：規劃並參與國際性展覽，聯
189,13245356,國外業務,海外業務/International Sales,捷康生技股份有限公司,其他醫療保健服務業,西屯區,待遇面議(經常性4萬以上),38000,https://www.104.com.tw/job/7vw6k,海外與跨境經貿 (跨境電商/海外市場/外銷) / 海外客戶開發與國際商展參展 / 商務談判、報價議價與合約簽訂,***如有相關國際工作經驗，待遇優*** 1. 創新保健原料和複方代工的市場銷售開發。 2. 國外新客戶開發提案，溝通客人需求和想法，試算報價。 3. 跨部門有效溝通合作，掌握供應生產時程與解決問題。 4. 執行公司策略，開發市場，達成銷售
190,13839325,國外業務,【總部】國外業務人員,明源工業股份有限公司,家用電器製造業,潭子區,待遇面議(經常性4萬以上),38000,https://www.104.com.tw/job/88mhp,海外與跨境經貿 (跨境電商/海外市場/外銷) / 英語商務溝通 (精通/流利/信件/多益TOEIC) / 海外客戶開發與國際商展參展 / 商務談判、報價議價與合約簽訂,【工作內容】 1.拓展業務、訂單管理、報價相關作業。 2.國外客戶聯繫並確認交貨期。 3.客戶關係維護，產品售後服務及客戶來訪接待。 4.協助參展與不定期拜訪國外客戶。 5.其他主管交辦事項。 【具備的能力】 1.具備獨立作業能力。 2.英
191,6822449,國外業務,國外業務專員,炫安企業股份有限公司,金屬容器製造業,清水區,"月薪 41,000~45,000元",41000,https://www.104.com.tw/job/4288h,海外與跨境經貿 (跨境電商/海外市場/外銷) / 英語商務溝通 (精通/流利/信件/多益TOEIC) / 海外客戶開發與國際商展參展 / 商務談判、報價議價與合約簽訂,1.開發客戶 2能獨立作業 3抗壓性強 4.需到國外參展(要出差) 5.處理國外客戶e-mai訂單、報價、詢價等業務相關事宜。 6.例行業務工作及各項文書管理。 7具office文書作業處理能力、 8 8英文佳，可配合國外出差者。 9.需要
192,13913495,國外業務,國外業務人員,山野電機工業股份有限公司,電力機械器材製造修配業,大肚區,"月薪 33,000~40,000元",33000,https://www.104.com.tw/job/8a7pz,海外與跨境經貿 (跨境電商/海外市場/外銷),1. 拜訪、接待客戶 2. 根據主管指示開發特定客戶及市場 3. 評估行銷管道 4. 蒐集競爭者資訊 5. 蒐集潛在客戶/市場資訊 6. 主管交辦事項
193,15181645,國外業務,Sales Representative 國外業務助理 (j),勗富有限公司,其他電子零組件相關業,西區,"月薪 35,000~9,999,999元",35000,https://www.104.com.tw/job/91e8d,海外與跨境經貿 (跨境電商/海外市場/外銷) / 英語商務溝通 (精通/流利/信件/多益TOEIC) / 海外客戶開發與國際商展參展 / 商務談判、報價議價與合約簽訂,歡迎應屆畢業生，及有興趣加入國際貿易者，無經驗可。 (一)工作內容: 1.協助處理主管交辦事項。 2.推廣及銷售公司産品、客訴處理、報價與內部溝通。 3.跟進維護老客戶訂單，開發新客戶。 4.與國外客戶英文email及電話溝通。 5.有國外
194,10173798,國外業務,國外業務,索特精密有限公司,其他金屬相關製造業,南屯區,"月薪 33,000~42,000元",33000,https://www.104.com.tw/job/6225i,海外與跨境經貿 (跨境電商/海外市場/外銷) / 英語商務溝通 (精通/流利/信件/多益TOEIC) / 海外客戶開發與國際商展參展 / 數位行銷與流量廣告投放 (GA4/SEO/Meta/廣告),客戶對應與聯繫、顧客詢問回覆、訂單處理、使用網路行銷工具經營品牌、協助參展事宜、品牌行銷、維持與規劃。具備耐心、細心、良好溝通能力、認真、負責、高EQ、個性開朗、外向，完成公司交付任務。工作資歷不拘。英文聽書讀寫精通。歡迎您加入SP團隊。
195,14827266,國外業務,【總公司】國外業務專員,世同科技股份有限公司,自行車及其零件製造業,西屯區,待遇面議(經常性4萬以上),38000,https://www.104.com.tw/job/8tssi,海外與跨境經貿 (跨境電商/海外市場/外銷) / 海外客戶開發與國際商展參展 / 商務談判、報價議價與合約簽訂,1. 負責新市場與新客戶開發，建立並維持穩定合作關係。 2. 維護既有客戶與通路經營，掌握客戶需求並促進業績成長。 3. 處理客戶詢價、報價、訂單及出貨相關作業，確保專案順利執行。 4. 跨部門協調研發、採購、生產、品保等單位，追蹤專案進度
196,14283605,國外業務,電聲產品SBU3-國外業務專員(台中),美律實業股份有限公司,消費性電子產品製造業,南屯區,待遇面議(經常性4萬以上),38000,https://www.104.com.tw/job/8i5at,海外與跨境經貿 (跨境電商/海外市場/外銷) / 商務談判、報價議價與合約簽訂,報價及BOM review、內部RD/廠端溝通協調、客戶關係經營與維護、商務報價執行
197,14615848,國外業務,Sales Operation officer 國外業務專員,勗富有限公司,其他電子零組件相關業,西區,"月薪 38,000~45,000元",38000,https://www.104.com.tw/job/8p9ns,海外與跨境經貿 (跨境電商/海外市場/外銷) / 海外客戶開發與國際商展參展,能見度與客戶黏著。 3. 國外參展及晉升機會: 公司定期參展世界各地電子展，例如德國慕尼黑電子展、香港、巴西、波蘭、捷克、印度和新加坡等。 工作經驗不拘，有國外業務經驗者佳。
198,15081684,國外業務,【春水堂】海外專員,春水堂人文茶館_春水堂實業股份有限公司,餐館業,南屯區,"月薪 36,000~38,000元",36000,https://www.104.com.tw/job/8z93o,海外與跨境經貿 (跨境電商/海外市場/外銷) / 第二外語能力 (日文/越語/西語/德語),*本職務需日文讀寫溝通能力 1.協助海外營運專員進行市場輔導 2.協助教育訓練資料製作 3.海外營運數據整理與分析 4.協助新店開幕籌備作業 5.SOP文件製作與優化 6.營運現場門店輪值 7.不需出差時需支援國內門市督導 《培訓規劃》 第
199,15382880,國外業務,國際業務專案管理師｜OEM／ODM｜英文商務溝通,宙隆企業股份有限公司,其他金屬相關製造業,北區,"月薪 40,000~9,999,999元",40000,https://www.104.com.tw/job/95pi8,海外與跨境經貿 (跨境電商/海外市場/外銷) / 英語商務溝通 (精通/流利/信件/多益TOEIC) / 商務談判、報價議價與合約簽訂,【職務介紹】 我們主要從事健身器材國際貿易、產品開發與製造，客戶遍及歐美及亞洲市場，合作模式包含 OEM／ODM、品牌客戶與國際專案。 此職位將實際負責海外客戶及國際訂單專案，從客戶需求、產品報價、樣品及產品開發，到訂單、生產、付款與出貨，
200,15313928,國外業務,友嘉集團-國外業務（Global Sales Specialist）,友嘉實業股份有限公司,其他機械製造修配業,大甲區,待遇面議(經常性4萬以上),38000,https://www.104.com.tw/job/948aw,海外與跨境經貿 (跨境電商/海外市場/外銷),★友嘉集團為全球化製造產業集團，旗下涵蓋工具機、產業設備、智能製造、自動化、傳動元件及多元製造相關產業，於亞洲、美洲及歐洲均設有營運據點。 ★因應集團海外市場持續發展，誠摯邀請具國際市場開發及業務拓展經驗的人才加入，共同參與全球市場布局與成
201,14838511,報關行與關務,船務報關/保稅人員,維樂工業股份有限公司,自行車及其零件製造業,大甲區,"月薪 38,000~50,000元",38000,https://www.104.com.tw/job/8u1gv,進出口關務與報關單據 (報關/L/C信用狀/提單/海空運),事宜 3. 回報進口貨物的進度 4. 執行發送預報與到貨通知客戶與報關行 5. 處理貨物異常情況及聯繫 6. 開立帳單及處理異常情況 7. 協助主管交付相關事宜
202,14662023,報關行與關務,採購專員 Procurement Specialist｜具國內外採購/進口報關經驗｜台中西屯總公司,World Gym_香港商世界健身事業有限公司台灣分公司,運動服務業,西屯區,待遇面議(經常性4萬以上),38000,https://www.104.com.tw/job/8q9af,進出口關務與報關單據 (報關/L/C信用狀/提單/海空運),會議溝通。 5. 協調進口相關事宜，與報關行、貨運承攬商合作，追蹤進口及報關流程。 6. 跨部門協調採購需求，確保採購品質、交期及成本符合營運需求。
203,14059418,報關行與關務,進口報關專員,鴻昇實業股份有限公司,報關業,西區,"月薪 29,500~33,000元",29500,https://www.104.com.tw/job/8dcbe,進出口關務與報關單據 (報關/L/C信用狀/提單/海空運),1. 製作與審核進口報關文件，確保資料正確完整 2. 協助申辦貨物進口所需之檢驗、檢疫等作業 3. 回應客戶問題、跨部門與對外溝通，確保貨物順利通關 4. 其他專案支援與主管交辦事項 ⦿ 物流運籌是國際貿易的重要環節，而報關則是其中不可或缺
204,8136271,報關行與關務,出口報關專員,鴻昇實業股份有限公司,報關業,西區,"月薪 30,000~33,000元",30000,https://www.104.com.tw/job/4udzj,進出口關務與報關單據 (報關/L/C信用狀/提單/海空運),1. 製作及審核出口報關文件，確保資料正確無誤。 2. 確認出口貨物內容、查詢正確稅則。 3. 協調客戶、船公司與海關，完成出口報關與貨物運送。 4. 協助處理主管交辦事項。 ⦿ 物流運籌是國際貿易的重要環節，而報關則是其中不可或缺的專業職
205,15241402,報關行與關務,運籌管理師,迅捷物流供應鏈股份有限公司,貨運承攬業,西屯區,"月薪 50,000~60,000元",50000,https://www.104.com.tw/job/92oca,進出口關務與報關單據 (報關/L/C信用狀/提單/海空運),地區的供應商及客戶協調，確保貨物流通順暢，並提升客戶滿意度﻿ * 與貨運代理（FWD）、船公司、報關行及內部單位密切協作，即時處理延誤、艙位調整及文件異常等狀況，確保出貨流程不中斷。 * 熟悉供應鏈管理（Supply Chain
206,15391352,報關行與關務,國貿業務助理,台灣快密刀科技有限公司,綜合商品批發代理業,大里區,"月薪 35,000~38,000元",35000,https://www.104.com.tw/job/95w1k,進出口關務與報關單據 (報關/L/C信用狀/提單/海空運),司、貨運承攬商及報關行，處理報關與物流相關事宜。 6. 製作、審核及彙整進出口與報關文件。 7. 辦理進出口押匯、信用狀及保稅帳務相關作業。 8. 負責供應商應付帳款請款及單據整理。 9. 維護客戶、供應商資料及相關文件之建檔與歸檔。 10
207,13627507,報關行與關務,進出口貿易行政專員,台灣優米實業有限公司,農／畜／水產品零售業,西屯區,"月薪 32,000~38,000元",32000,https://www.104.com.tw/job/8431v,海外與跨境經貿 (跨境電商/海外市場/外銷) / 進出口關務與報關單據 (報關/L/C信用狀/提單/海空運),1. 負責進出口貨物報關相關行政作業； 2. 與國外客戶溝通確認貨物進度和其他運輸相關事宜； 3. 回報進出口貨物的進度； 4. 執行發送預報與到貨通知客戶與報關行； 5. 處理貨物異常情況及聯繫； 6. 開立帳單及處理異常情況； 7. 協
208,14536462,報關行與關務,船務專員,MARWI GROUP_台萬工業股份有限公司,自行車及其零件製造業,大甲區,"月薪 33,000~42,000元",33000,https://www.104.com.tw/job/8nkem,進出口關務與報關單據 (報關/L/C信用狀/提單/海空運),1. 負責出口訂單出貨安排、訂艙、海空運及三角貿易作業。 2. 製作與審核進出口文件 (Invoice、Packing List、B/L、COO等)。 3. 協調報關行、貸代及船公司，追蹤貨物出運進度。 4. 處理信用狀 (L/C)及相關押
209,11934184,報關行與關務,船務人員,世祥汽材製造廠股份有限公司,汽車及其零件製造業,西屯區,"月薪 30,000~35,000元",30000,https://www.104.com.tw/job/73sh4,進出口關務與報關單據 (報關/L/C信用狀/提單/海空運),1. 聯絡工廠、FORWARDER/船公司及報關行，進行交期確認、排船、簽訂S/O、文件檢查等事項。 2. 製作及審核進/出口報關之資料與文件。 3. 確保所有資料無誤地進行系統錄入。 4. 進/出口費用請款作業。 5. 銷貨系統作業。 6
210,6670939,報關行與關務,船務人員,上銀科技股份有限公司,專用生產機械製造修配業,南屯區,"月薪 34,000~40,000元",34000,https://www.104.com.tw/job/3yzbv,進出口關務與報關單據 (報關/L/C信用狀/提單/海空運),1.負責進出口報關之行政作業，並匯整製作報關文件。 2.處理、審核進出口報關之資料與文件。 3.聯絡工廠單位、貨運、報關行，進行交期確認、排船、簽 S＼O、文件檢查等聯絡事項。 4.負責信用狀文件處理及相關作業。 5.協助相關費用核對、請款
211,12652214,報關行與關務,【擴廠急徵】國貿外銷業務/船務助理 / (內勤・享完整培訓),與日電子有限公司,其他電子零組件相關業,西屯區,"月薪 33,000~40,000元",33000,https://www.104.com.tw/job/7j6ie,海外與跨境經貿 (跨境電商/海外市場/外銷) / 進出口關務與報關單據 (報關/L/C信用狀/提單/海空運),。 2. 處理、審核進出口報關之資料與文件。 3. 聯絡貨代、船公司、物流和報關行，進行交期確認、排船、簽 S╲O、文件檢查等聯絡事項。 4. . 負責應收帳款之請款工作，並處理業務部門訂單後續事宜。 【在與日，我們這樣照顧夥伴】 頂級環境
212,11373886,報關行與關務,船務人員,研將企業有限公司,工商顧問服務業,豐原區,"月薪 30,000~40,000元",30000,https://www.104.com.tw/job/6rs5a,進出口關務與報關單據 (報關/L/C信用狀/提單/海空運),1.負責進出口報關之行政作業，並匯整製作報關文件。 2.處理、審核進出口報關之資料與文件。 3.聯絡工廠、船公司和報關行，進行交期確認、排船、簽 S＼O、文件檢查等聯絡事項。 4.負責應收帳款之請款工作，並處理業務部門訂單後續事宜。
213,14889980,報關行與關務,空運OP/CS操作,騰輝國際物流有限公司,貨運承攬業,西區,"月薪 42,000~9,999,999元",42000,https://www.104.com.tw/job/8v56k,進出口關務與報關單據 (報關/L/C信用狀/提單/海空運),1.熟悉空運進出口一條龍之各項細節並操作各項流程。 2.處理、製作、審核空運進出口相關之資料與文件。 3.聯絡工廠、航空公司和報關行，進行交期確認、安排班機、簽 S＼O、文件檢查等聯絡事項。 4.具海空運貨運承攬業OP/文件經驗，管理團隊 
214,12789771,報關行與關務,國貿業務/船務 Sales Operations & Shipping Specialist,上瑞貿易股份有限公司,家庭電器／設備及用品零售業,西區,待遇面議(經常性4萬以上),38000,https://www.104.com.tw/job/7m4nf,進出口關務與報關單據 (報關/L/C信用狀/提單/海空運) / ERP / SAP 企業資源與進銷存系統,"1. ERP系統作業操作 (公司目前使用鼎新Smart) 2. 熟三角貿易與信用狀, 進出口相關作業事務及生產排程確認，並製作各式報關文件 3. 整理客戶應收帳款及催收事宜。 4 協助客戶訂單處理、確認生產排程，並安排出貨（訂艙、與貨代及報"
215,15116540,報關行與關務,GUSTO品牌-關務進出口人員,應宏國際股份有限公司,消費性電子產品製造業,西屯區,"月薪 35,000~9,999,999元",35000,https://www.104.com.tw/job/8zzzw,進出口關務與報關單據 (報關/L/C信用狀/提單/海空運),1. 國內外進出口作業安排，包含文件製作、訂艙、報關及運輸聯繫 2. 與報關行、海空運貨代及運輸公司聯繫，追蹤通關與貨況進度 3. 進出口相關文件審核與管理（Invoice、Packing List 等） 4. 物料進出口稅則確認及海關相關
216,12974383,報關行與關務,船務專員,合富國際股份有限公司,金屬家具及裝設品製造業,龍井區,"月薪 35,000~9,999,999元",35000,https://www.104.com.tw/job/7q33j,進出口關務與報關單據 (報關/L/C信用狀/提單/海空運),1. 負責進出口報關之行政作業，並匯整製作報關文件 2. 處理、審核進出口報關之資料與文件 3. 確認產品規格，決定貨物裝運之方法，並準備提貨單、發貨單及其他相關文件 4. 聯絡工廠、船公司和報關行，進行交期確認、排船、簽 S╲O、文件檢查
217,15290507,報關行與關務,【翔盛五金】進出口專員（中科店）【人力擴編】,翔盛五金股份有限公司,綜合商品批發代理業,西屯區,"月薪 36,000~42,000元",36000,https://www.104.com.tw/job/93q8b,進出口關務與報關單據 (報關/L/C信用狀/提單/海空運),Shipping Instruction •Certificate of Origin（如需要） 2.與客戶確認出貨資訊及船期 3.協助安排海運、空運及快遞出貨 4.與貨運公司及報關行
218,13494725,報關行與關務,物流(資深)專員 Logistics (台中梧棲),香港商邊行有限公司台灣分公司,海運,梧棲區,待遇面議(經常性4萬以上),38000,https://www.104.com.tw/job/818lh,進出口關務與報關單據 (報關/L/C信用狀/提單/海空運),。 3. 協助報關及通關相關程序，貨物追蹤與更新並配合海關查驗或補件需求。 4. 與客戶、船公司、報關行、倉庫及其他相關單位保持聯繫，協調作業並回報案件進度。 5. 其他相關作業及主管交代事項 【加入我們，你將收穫】 • 實際參與船舶操作與
219,13757659,報關行與關務,國外業務助理/ 國貿助理,筌誠機械股份有限公司,通用機械設備製造修配業,大里區,"月薪 34,000~9,999,999元",34000,https://www.104.com.tw/job/86vh7,海外與跨境經貿 (跨境電商/海外市場/外銷) / 英語商務溝通 (精通/流利/信件/多益TOEIC) / 進出口關務與報關單據 (報關/L/C信用狀/提單/海空運),Invoice、Packing List 等）。 5. 聯繫報關行及國際物流公司，安排出口報關、空運／海運等相關出貨作業。 6. DHL、FedEx、UPS 等國際快遞叫件、文件準備及出貨進度追蹤。 7. 處理國外客戶日常訂單相關英文郵件，
220,14626374,報關行與關務,OP文件人員,騰輝國際物流有限公司,貨運承攬業,西區,"月薪 35,000~9,999,999元",35000,https://www.104.com.tw/job/8phs6,進出口關務與報關單據 (報關/L/C信用狀/提單/海空運),1.負責進出口報關之行政作業，並匯整製作報關文件。 2.處理、審核進出口報關之資料與文件。 3.聯絡工廠、船公司和報關行，進行交期確認、排船、簽 S＼O、文件檢查等聯絡事項。 4.處理進出口押匯、信用狀以及保稅帳務相關之工作。 5.負責應付
221,12887874,報關行與關務,船務專員,佳樂電子股份有限公司,通訊機械器材相關業,東區,"月薪 33,000~9,999,999元",33000,https://www.104.com.tw/job/7o8ci,進出口關務與報關單據 (報關/L/C信用狀/提單/海空運) / ERP / SAP 企業資源與進銷存系統,1.三年以上船務報關工作經驗並能獨立作業。 2.具國際貿易專業知識與三角貿易經驗且熟悉ERP作業。 3.負責進出口報關之行政作業。 4.聯絡工廠、船公司和報關行，進行交期確認、出貨異常處理、洽訂艙位，辦理報關及裝運手續。 5.處理信用狀及出
222,12792058,報關行與關務,採購生管人員,宥和企業股份有限公司,自行車及其零件製造業,神岡區,"月薪 33,000~36,000元",33000,https://www.104.com.tw/job/7m6ey,進出口關務與報關單據 (報關/L/C信用狀/提單/海空運) / 商務談判、報價議價與合約簽訂,【工作內容】 1. 負責向廠商訪價、供應商交期追蹤管理。 2. 聯絡工廠、船公司和報關行，進行交期確認、排船、文件檢查等聯絡事項。 3. 開立採購單需求、圖面、追料、退料處理。 4. 成本降價控管，詢比議價 。 5. 新廠商尋找及開發。 6
223,10769049,報關行與關務,船務,富尚陽企業股份有限公司,機械器具批發業,西區,"月薪 33,000~40,000元",33000,https://www.104.com.tw/job/6etg9,海外與跨境經貿 (跨境電商/海外市場/外銷) / 進出口關務與報關單據 (報關/L/C信用狀/提單/海空運),"1.負責出口報關之行政作業，並匯整製作報關文件。 2.處理、審核進出口報關之資料與文件。 3.聯絡工廠、船公司和報關行，進行交期確認、排船、簽 S＼O、文件檢查 等聯絡事項。 4.排櫃 5.出口貨物到國外 6.細心,認真,負責"
224,14660364,報關行與關務,船務,貴冠閥業股份有限公司,鋼鐵基本工業,大里區,"月薪 30,000~32,000元",30000,https://www.104.com.tw/job/8q80c,進出口關務與報關單據 (報關/L/C信用狀/提單/海空運),1. 負責進出口報關之行政作業，並匯整製作報關文件。 2. 處理、審核進出口報關之資料與文件。 3. 聯絡工廠、船公司和報關行，進行交期確認、排船、簽 S╲O、文件檢查等聯絡事項。 4. 處理進出口押匯、信用狀以及保稅帳務相關之工作。 5.
225,6884364,報關行與關務,國貿人員★歡迎無經驗者★,力山工業股份有限公司,電力機械器材製造修配業,大里區,"月薪 34,000~36,000元",34000,https://www.104.com.tw/job/43k0c,進出口關務與報關單據 (報關/L/C信用狀/提單/海空運) / ERP / SAP 企業資源與進銷存系統,1. 處理客戶訂單、追蹤交期、開立出貨通知、處理異常與客訴 2. 使用 ERP 或訂單系統開單、維護客戶與訂單資料 3. 安排出貨時程、協調物流與報關行、準備出貨及報關文件 4. 主管交辦事務 *歡迎無經驗者，公司提供專業教育訓練
226,14322437,報關行與關務,"船務專員【月薪$32,000~$35,000 ★加班費另計★ 】",優鋼機械股份有限公司,金屬手工具製造業,豐原區,"月薪 32,000~35,000元",32000,https://www.104.com.tw/job/8iz9h,進出口關務與報關單據 (報關/L/C信用狀/提單/海空運),【公司擴編徵才中！加入優鋼，共同成就未來！】 一、主要職責： 1. 負責進出口報關行政作業，包含報關文件製作、資料彙整及文件審核。 2. 協助製作出貨文件，如 Invoice、Packing List 等。 3. 聯絡工廠、貨運行、船公司、
227,13917015,報關行與關務,*約聘*出口關務文件助理 (台中),UPS_美商優比速國際股份有限公司台灣分公司,快遞服務業,西屯區,"月薪 37,000~9,999,999元",37000,https://www.104.com.tw/job/8aafr,進出口關務與報關單據 (報關/L/C信用狀/提單/海空運),"1. 出口文件繕打, 核查, EDI連線 2. 其它主管交辦事項"
228,5807848,報關行與關務,船務人員,英屬維京群島商維璽企業股份有限公司,綜合商品批發代理業,西屯區,"月薪 35,000~9,999,999元",35000,https://www.104.com.tw/job/3ghd4,進出口關務與報關單據 (報關/L/C信用狀/提單/海空運) / ERP / SAP 企業資源與進銷存系統,1、負責出口相關行政作業，彙整並製作出貨相關文件。 2、聯繫工廠、船公司及報關行，進行出貨與交期確認。 3、負責訂艙、簽署 S/O、文件確認及相關聯絡事項。 4、操作 ERP 系統，辦理出貨相關作業。 5、辦理其他主管交辦事項。
229,15221266,報關行與關務,國貿專員,晨州塑膠工業股份有限公司,其他半導體相關業,外埔區,"月薪 35,000~45,000元",35000,https://www.104.com.tw/job/928sy,進出口關務與報關單據 (報關/L/C信用狀/提單/海空運) / 商務談判、報價議價與合約簽訂 / ERP / SAP 企業資源與進銷存系統,1.每日出貨作業（含ERP系統操作、出口報單製作、開立提單） 2.與各單位協調出貨事宜 3.與倉庫、報關行、快遞及貨運業者溝通，處理出口及提貨相關作業 4.追蹤貨件遞送進度及異常狀況 5.客戶報價並確認訂單。 6.進出口相關文件匯整 7.執
230,12544032,報關行與關務,國貿外銷助理,臺久企業股份有限公司,其他化學相關製造業,大安區,"月薪 30,000~40,000元",30000,https://www.104.com.tw/job/7gv1c,海外與跨境經貿 (跨境電商/海外市場/外銷) / 進出口關務與報關單據 (報關/L/C信用狀/提單/海空運),"1. 內、外銷訂單之相關處理及出貨作業。 2. 相關帳款處理、管理及相關應付處理。 3. 報關行搭配作業及船務聯繫等。 4.客戶聯繫。 5.協助業務人員處理銷售業務之相關內部作業。 6.跨部門之事項溝通協調。 7.B2B,B2C網路維護與應"
231,14692865,報關行與關務,【台中】 進出口管理師,"Siliconware Precision Industries Co., Ltd._矽品精密工業股份有限公司",其他半導體相關業,潭子區,"月薪 37,100~51,000元",37100,https://www.104.com.tw/job/8qx35,進出口關務與報關單據 (報關/L/C信用狀/提單/海空運),1.交期管理-原物料、機器設備、Tooling進出口作業流程協調與確定。 2.進出口業務-隨時接受海關諮詢及辦理海關案件之申請以降低抽驗比率並提高進貨時效。 3.目標執行-編列年度進口費用，並確認執行結果。 4.進出口業務-貨運代理商及報關
232,15166869,報關行與關務,採購船務人員,基甸企業有限公司,百貨相關業,龍井區,"月薪 35,000~45,000元",35000,https://www.104.com.tw/job/912tx,進出口關務與報關單據 (報關/L/C信用狀/提單/海空運),1.訂艙與排船作業： 根據業務單需求聯繫貨代或船公司，預訂艙位、安排進出貨船期 2.報關與物流協調： 與報關行配合處理進口報關作業，並匯整報關文件，追蹤貨物進度，處理航程變更等突發狀況 3.帳務處理：負責應付帳款之請款工作 4.異常處理與跨
233,14055266,報關行與關務,國貿業務,通永和企業股份有限公司,塑膠製品製造業,烏日區,"月薪 37,000~39,000元",37000,https://www.104.com.tw/job/8d942,海外與跨境經貿 (跨境電商/海外市場/外銷) / 進出口關務與報關單據 (報關/L/C信用狀/提單/海空運) / ERP / SAP 企業資源與進銷存系統,1. 負責業務主管交辦下來的國外客戶訂單細節處理及確認等事宜。 2. 與國外客戶跟進訂單進度及訂單細節。 2. ERP訂單打單及訂但出貨前追蹤。 3. 出口報關相關文件製作，聯繫報關行，船務公司，進行出貨作業。 4. 定期向主管匯報工作進展
234,15395618,報關行與關務,國貿關務（shipping）專員,東莞和誠運動休閒用品有限公司,育樂用品製造業,大安區,"月薪 31,000~33,000元",31000,https://www.104.com.tw/job/95zc2,進出口關務與報關單據 (報關/L/C信用狀/提單/海空運),1. 處理報關文件 2. 與船務代理及報關行的詢價、訂艙及出口報關相關事 宜的協調及整合。 3.協助業務人員處理相關業務事宜 2.生產進度追蹤 本職位為公司業務發展的重要角色，具有良好的職涯發展前景。 歡迎符合以上資格的人才加入我們，期待您
235,12852680,報關行與關務,國貿業務助理,柏邦國際有限公司,其他零售業,南區,"月薪 35,000~40,000元",35000,https://www.104.com.tw/job/7nh6w,英語商務溝通 (精通/流利/信件/多益TOEIC) / 進出口關務與報關單據 (報關/L/C信用狀/提單/海空運) / ERP / SAP 企業資源與進銷存系統,1. 具國內外採購相關經驗佳 2. 廠商訂單追蹤/跟進 3. 需與工廠/廠商/報關行/客戶多方溝通協調確保訂單順利進行 4. 進出口出貨文件製作及核對 5. 其它主管交辦事項 懂ERP 及BOM者佳 English ability is
236,14999014,報關行與關務,"船務人員(29,500~35,000)",閎彥國際有限公司,綜合商品批發代理業,大雅區,"月薪 29,500~35,000元",29500,https://www.104.com.tw/job/8xhba,進出口關務與報關單據 (報關/L/C信用狀/提單/海空運),1.陸海空運的訂艙、船期安排確認及文件檢查與處理。 2.製作、審核及處理海空運出口報關。 3.快遞、貨運承攬商安排及報關行通關聯絡處理。 4.熟悉進出口相關法規和程序。 5.有採購經驗或熟悉採購流程優先考慮。 6.具備積極主動學習的態度與良
237,14054274,報關行與關務,船務人員,系格工業股份有限公司,塑膠製品製造業,大雅區,"月薪 33,000~9,999,999元",33000,https://www.104.com.tw/job/8d8ci,進出口關務與報關單據 (報關/L/C信用狀/提單/海空運),1. 製作及審核進/出口船運、報關資料與文件 2. 聯絡船公司和報關行，進行交期確認、排船、簽S/O、文件檢查等聯絡事項 3. 處理業務部門訂單後續出貨事宜，提供出貨文件，協助業務人員控管出貨，並處理進出口事宜 4. 定期提供業務銷售狀況報
238,10992448,報關行與關務,國貿助理,惠旺工業股份有限公司,專用生產機械製造修配業,霧峰區,"月薪 31,000~37,000元",31000,https://www.104.com.tw/job/6jlts,進出口關務與報關單據 (報關/L/C信用狀/提單/海空運) / 商務談判、報價議價與合約簽訂,包括詢價、出貨安排、貨款追蹤、信用狀審查，以及報關文件整理與報關行聯繫。 4.與客戶進行商業書信往來及日常溝通，處理詢價回覆、報價說明、訂單確認及相關問題，協助推動銷售並維繫客戶關係。 5.協助樣品申請、製作及寄送作業，並負責新產品或客製化
239,15317707,報關行與關務,國貿業務助理,佳益科技材料股份有限公司,紡織成衣業,清水區,"月薪 34,000~9,999,999元",34000,https://www.104.com.tw/job/94b7v,進出口關務與報關單據 (報關/L/C信用狀/提單/海空運) / 商務談判、報價議價與合約簽訂,1.協助國際貿易業務專員的行政事務工作 2.向客戶報價、處理客戶訂單、辦理進口詢價 3.整理進出口報關文件、向報關行協調報關事宜 4.協助客戶對於商品價格的查詢及報價相關的問題 5.負責部門相關文件之整理，建檔以及追蹤，於有效時間內回覆顧客
240,15345036,報關行與關務,【台南辦公室】業務助理,鎧曄股份有限公司,自行車及其零件製造業,烏日區,"月薪 33,000~38,000元",33000,https://www.104.com.tw/job/94wb0,進出口關務與報關單據 (報關/L/C信用狀/提單/海空運),1. 文件處理 • 系統作業:下單/包裝/入帳。 • 廠內文件製作/油採單/紙箱稿/變更單。 2. 進出口作業 • PI製作、審核並管理進出口報關文件等。 • 協助安排貨物運輸、報關及清關事宜。 • 與貨運承攬商、報關行及物流公司保持良好溝
241,15231961,報關行與關務,T26077【約聘職缺】 海運進出口人員 (歡迎實習生、夜間就讀學生),臺灣日通國際物流股份有限公司,貨運承攬業,西屯區,"月薪 36,000~42,000元",36000,https://www.104.com.tw/job/92h21,進出口關務與報關單據 (報關/L/C信用狀/提單/海空運),約聘期間 即日起~2027/7/31 1、海運出口提單繕打 2、船公司，同行請款作業 3、核對提單 4、文件整理與歸類 這是一個於內勤單位，協助公司營運業務順利執行，透過客戶服務、資料管理等完成任務的重要職位，在這裡，您將有機會學習到公司業
242,14807872,報關行與關務,國外業務專員,允恒國際有限公司,專門設計相關業,南屯區,"月薪 38,000~40,000元",38000,https://www.104.com.tw/job/8tdts,海外與跨境經貿 (跨境電商/海外市場/外銷) / 英語商務溝通 (精通/流利/信件/多益TOEIC) / 進出口關務與報關單據 (報關/L/C信用狀/提單/海空運),【工作內容】 ・聯繫國內外供應商，處理詢價、採購及訂單追蹤 ・以英文 Email 與海外廠商聯繫及溝通 ・處理進出口文件，如 Invoice、Packing List、B/L 等 ・安排海運、空運、報關及相關進出口作業 ・與報關行、貨運公司
243,15380384,報關行與關務,業務助理,鴻綺機械股份有限公司,專用生產機械製造修配業,神岡區,"月薪 32,000~9,999,999元",32000,https://www.104.com.tw/job/95nkw,進出口關務與報關單據 (報關/L/C信用狀/提單/海空運) / 商務談判、報價議價與合約簽訂,1.協助國際貿易業務專員的行政事務工作 2.草擬客戶往來信件經主管核定後發送 3.整理進出口報關文件、向報關行協調報關事宜及按規定辦理押匯/結匯業務 4.協助客戶對於商品價格的查詢及報價相關的問題 5.負責部門相關文件之整理，建檔以及追蹤，
244,14066832,報關行與關務,海運-出/進口報關製單人員(台中港),捷盛報關股份有限公司,報關業,梧棲區,"月薪 32,000~40,000元",32000,https://www.104.com.tw/job/8di1c,進出口關務與報關單據 (報關/L/C信用狀/提單/海空運),海運進/出口報關業務，主要服務進出口廠商文件押匯及海運報關事宜。 本公司為績優之報關運輸業者，視員工福利為最優先，歡迎您加入我們的行列。
245,4454396,報關行與關務,國貿人員,威佐開發股份有限公司,綜合商品批發代理業,神岡區,"月薪 40,000~9,999,999元",40000,https://www.104.com.tw/job/2nh18,海外與跨境經貿 (跨境電商/海外市場/外銷) / 進出口關務與報關單據 (報關/L/C信用狀/提單/海空運),訂單與客戶需求追蹤 ，並做風險與成本管控 • 與物流、報關行、倉儲窗口協調 • 參與國內外建材展覽、發表會與設計市場資訊整理 • 有機會接觸海外展覽與品牌合作專案 • 與原廠產品資訊聯絡與回饋 • 國外廠商來訪接待。 我們希望你能夠: • 
246,14635301,報關行與關務,採購助理,肉搏一站食品股份有限公司,食品什貨批發業,南屯區,"月薪 33,000~37,000元",33000,https://www.104.com.tw/job/8poo5,進出口關務與報關單據 (報關/L/C信用狀/提單/海空運) / ERP / SAP 企業資源與進銷存系統,▪ 處理發票、收據及採購相關文件，操作鼎新ERP系統維護資料完整與正確 ▪ 協助處理採購訂單，與國內外供應商保持順暢聯繫，包括詢價、比價及出貨追蹤 ▪ 協助準備進口報關文件，與報關行及相關單位協作，確保貨品順利進口 ▪ 維護供應商資料及價
247,14933798,報關行與關務,台中眾鈴 | 進出口專員 (工作地點台中外埔區，預計2027/07搬遷至梧棲新廠),台北合眾汽車有限公司,汽機車及其零配件用品／批發業,梧棲區,"月薪 33,000~38,000元",33000,https://www.104.com.tw/job/8w2zq,進出口關務與報關單據 (報關/L/C信用狀/提單/海空運),1.辦理國際貿易相關業務。 2.整理進出口報關文件並協調出貨。 3.與報關行聯繫報關相關事宜。 4.處理請款作業。 5.其他主管交辦事項。
248,15276683,報關行與關務,採購專員,竹鋒有限公司,自動控制相關業,大雅區,"月薪 37,000~50,000元",37000,https://www.104.com.tw/job/93fkb,進出口關務與報關單據 (報關/L/C信用狀/提單/海空運) / ERP / SAP 企業資源與進銷存系統,1.採購規劃及訂單跟催 2.供應鏈發展與管理 3.委託指定報關行進行報關事宜安排（熟進出口報關流程佳) 4.成本管控、帳務管理、盤點作業 5.相關產品檢驗認證流程追蹤（Ncc/Bsmi...等） 6.熟ERP系統 佳 7.有採購經驗者佳 8
249,15342950,報關行與關務,【台中辦公室】業務助理,鎧曄股份有限公司,自行車及其零件製造業,烏日區,"月薪 33,000~38,000元",33000,https://www.104.com.tw/job/94up2,進出口關務與報關單據 (報關/L/C信用狀/提單/海空運),1. 文件處理 • 系統作業:下單/包裝/入帳。 • 廠內文件製作/油採單/紙箱稿/變更單。 2. 進出口作業 • PI製作、審核並管理進出口報關文件等。 • 協助安排貨物運輸、報關及清關事宜。 • 與貨運承攬商、報關行及物流公司保持良好溝
250,15225452,報關行與關務,採購助理,賀亞企業股份有限公司,汽機車及其零配件用品／批發業,大里區,"月薪 35,000~9,999,999元",35000,https://www.104.com.tw/job/92c18,進出口關務與報關單據 (報關/L/C信用狀/提單/海空運) / 商務談判、報價議價與合約簽訂 / ERP / SAP 企業資源與進銷存系統,1.採購規劃及訂單跟催 2.供應鏈發展與管理（合約） 3.委託指定報關行進行報關事宜安排（熟進出口報關流程佳) 4.成本管控、帳務管理、盤點作業 5.熟ERP系統 佳 7.有採購經驗者佳 本職位對於公司的採購業務有著重要的作用，發展前景良好
251,14698956,報關行與關務,【丰丹嚴選本舖｜行銷業務部｜業務助理】,丰丹嚴選本舖股份有限公司,食品什貨零售業,西屯區,"月薪 34,000~38,000元",34000,https://www.104.com.tw/job/8r1sc,進出口關務與報關單據 (報關/L/C信用狀/提單/海空運),作業並具備良好溝通協調能力 加分條件： 1. 有出口或報關行政經驗佳 本職缺設有試用期制度： 錄取後初期將以兼職形式聘用，採時薪制並依法簽訂勞動契約；試用期間約1～3個月，將依工作表現、出勤狀況及學習適應情形進行評估，通過考核者將轉為正職人
252,15231066,報關行與關務,物流行政助理(台中幼獅工業區),BAG TO YOU百達遊_詮勝國際股份有限公司,百貨相關業,大甲區,"月薪 29,500~30,000元",29500,https://www.104.com.tw/job/92gd6,進出口關務與報關單據 (報關/L/C信用狀/提單/海空運),之間的順暢溝通 ❖報表與數據整理 定期整理銷售資料 製作銷售分析報表及商品統計資料 協助主管掌握商品銷售狀況 ❖進口物流相關事務 協助與海關、報關行、貨櫃運輸廠商聯繫 追蹤進口貨物相關作業進度 協助處理進出口行政事務 ❖行政庶務支
253,15299624,報關行與關務,行政助理(ESG專員),恆展堂建築股份有限公司,建築及工程技術服務業,北屯區,"月薪 31,700~36,600元",31700,https://www.104.com.tw/job/93x9k,進出口關務與報關單據 (報關/L/C信用狀/提單/海空運),的製作、核對與歸檔，確保報關流程完全符合法規。 船務與物流協調：聯繫報關行、承攬業（Forwarder）及國際供應商，安排海空運船期（如：台中港貨物進出協調）與追蹤貨物交期進度。 帳務與單據管理：核對進出口相關費用（運費、關稅等）帳單，協助
254,14971954,報關行與關務,採購人員,賀亞企業股份有限公司,汽機車及其零配件用品／批發業,大里區,"月薪 35,000~9,999,999元",35000,https://www.104.com.tw/job/8wwfm,進出口關務與報關單據 (報關/L/C信用狀/提單/海空運) / 商務談判、報價議價與合約簽訂 / ERP / SAP 企業資源與進銷存系統,1.採購規劃及訂單跟催 2.供應鏈發展與管理（合約） 3.委託指定報關行進行報關事宜安排（熟進出口報關流程佳) 4.成本管控、帳務管理、盤點作業 5.熟ERP系統 佳 7.有採購經驗者佳 本職位對於公司的採購業務有著重要的作用，發展前景良好
255,15285591,報關行與關務,國外採購專員,德風健康館_東禾生物科技股份有限公司,食品什貨零售業,西屯區,"月薪 38,000~45,000元",38000,https://www.104.com.tw/job/93mfr,海外與跨境經貿 (跨境電商/海外市場/外銷) / 進出口關務與報關單據 (報關/L/C信用狀/提單/海空運) / 商務談判、報價議價與合約簽訂,1.國外商品規格、價格、交期、付款方式談判與協商，採購合約書審核及管理。 2.配合報關行聯絡國外廠商，進行訂單、交期、運輸、文件處理與聯絡等事項。 3.配合商品營業需求主導採銷會議，並控管鮮度與倉儲安全庫存量達成採購成本最佳化目標。
256,15319229,報關行與關務,國內業務助理,凱國有限公司,機械器具批發業,潭子區,"月薪 40,000~9,999,999元",40000,https://www.104.com.tw/job/94ce5,進出口關務與報關單據 (報關/L/C信用狀/提單/海空運),覆及主管交辦事項。 (2) 文件與報關 • 國際貨運安排及物流進度追蹤。 • 協助進出口報關作業及相關文件製作。 • 整理 Invoice、Packing List、提單及進出口相關文件。 • 與報關行、貨運公司及供應商聯繫協調。 (3) 
257,14006901,報關行與關務,業務助理,佑順發機械股份有限公司,專用生產機械製造修配業,南屯區,"月薪 30,000~35,000元",30000,https://www.104.com.tw/job/8c7sl,進出口關務與報關單據 (報關/L/C信用狀/提單/海空運) / 海外客戶開發與國際商展參展,等 ◆大型專用機台設備出貨安排事務工作 ◆統籌海空運出貨安排，協調報關行與物流業者，即時處理異常通關狀況。 四、內部支援 ◆安排業務會議、製作簡報、參展支援 ◆協助主管交辦事項 ※具
258,15153738,報關行與關務,採購／進口管理專員,欣欣龍精密工業有限公司,汽車及其零件製造業,豐原區,"月薪 35,000~38,000元",35000,https://www.104.com.tw/job/90sp6,進出口關務與報關單據 (報關/L/C信用狀/提單/海空運),供應商、報關行及內部相關部門，處理交期與進貨異常。 6. 維護採購相關資料及完成主管交辦事項。
259,8166007,報關行與關務,【台中五花馬】國內外業務人員,五花馬物流股份有限公司,儲配／運輸物流業,北屯區,"月薪 33,000~50,000元",33000,https://www.104.com.tw/job/4v0xj,進出口關務與報關單據 (報關/L/C信用狀/提單/海空運),我們正在尋找積極、熱情、活力、喜歡挑戰並與人互動連結的你(妳)， 我們提供【底薪】+【油資津貼】，更重要的是，我們更提供了優渥的【業績獎金制度】， 如果你肯衝，年薪百萬不再是夢想 承攬進出口貨物，安排海空運送，由公司提供教育訓練， 對象：進
260,15392818,報關行與關務,行政人員,鴻瑀國際有限公司,綜合商品批發代理業,中區,"月薪 31,000~34,000元",31000,https://www.104.com.tw/job/95x6a,進出口關務與報關單據 (報關/L/C信用狀/提單/海空運),、出貨單據及相關報表製作與追蹤。 3. 協助進出口船務作業，包括聯繫報關行、貨運承攬商及安排出貨。 4. 協助整理進出口文件，如商業發票、裝箱單、提單及報關資料。 5. 追蹤船期、貨物進度及交期，並與公司內部相關人員保持溝通。 6. 電話接
261,15365078,報關行與關務,行政助理(工讀生可),作太貿易有限公司,綜合商品批發代理業,南屯區,"月薪 29,500~9,999,999元",29500,https://www.104.com.tw/job/95brq,進出口關務與報關單據 (報關/L/C信用狀/提單/海空運),"【誠徵行政助理】穩定、單純、準時下班！ 職務內容： 我們公司主要工作內容是辦理進出口家具貨櫃報關 需打報關文件與報關行,船公司,拖車等連絡 需有細心跟耐心,協助郵局寄件...上班時間很固定! 固定日班，週休二日（夜校生可配合上課時間） 不加"
262,12234641,報關行與關務,業務人員/儲備業務,香港商菲泰斯亞洲有限公司台灣分公司,其他紡織業,大雅區,"月薪 30,000~40,000元",30000,https://www.104.com.tw/job/7a8b5,海外與跨境經貿 (跨境電商/海外市場/外銷) / 進出口關務與報關單據 (報關/L/C信用狀/提單/海空運) / 海外客戶開發與國際商展參展,、倉庫等跨部門歷練，完整了解業務工作及與各部門分工，熟悉學習公司作業流程、產品品項、訂單/出貨單建檔、出口報關文件和報關行協調報關、應收帳款處理等實際運作。 ★★★請先確認目前人生優先順序與家庭是否可接受中長期至海外出差工作★★★ 另有出差
263,13765104,報關行與關務,業務專員,禾益佳股份有限公司,塑膠製品製造業,大肚區,待遇面議(經常性4萬以上),38000,https://www.104.com.tw/job/87180,進出口關務與報關單據 (報關/L/C信用狀/提單/海空運) / 海外客戶開發與國際商展參展,產地證明等報關與清關文件。 ３.物流安排：聯繫貨運承攬業者（Forwarder）貨報關行，安排訂倉、出貨、拖車及追蹤貨況。 ４.客戶與廠商聯繫：作為內部橋梁，回覆客戶信件與常見問題、協助處理客訴，並向廠商聯繫進度及新客戶開發。 5.報表與資
264,14794171,報關行與關務,國外採購人員,歐舍咖啡有限公司,其他餐飲業,大里區,"月薪 29,500~35,000元",29500,https://www.104.com.tw/job/8t397,海外與跨境經貿 (跨境電商/海外市場/外銷) / 進出口關務與報關單據 (報關/L/C信用狀/提單/海空運),我們是深耕產區的精品咖啡直購進口商，本職位負責將老闆與產區談定的優質生豆，透過專業的國貿流程穩定落地。 1. 進口實務操作： 負責咖啡生豆進口報關業務（含報單、檢驗、發票、提單等文件處理與核對）。 2. 供應鏈協調： 聯繫報關行、船務公司及
265,15215797,報關行與關務,國貿人員,英屬維京群島商東耀有限公司台灣分公司,綜合商品批發代理業,南屯區,"月薪 35,000~45,000元",35000,https://www.104.com.tw/job/924l1,進出口關務與報關單據 (報關/L/C信用狀/提單/海空運),1. 負責進出口報關之行政作業，並匯整製作報關文件。 2. 處理、審核進出口報關之資料與文件。 3. 聯絡工廠、船公司和報關行，進行交期確認、排船、簽 S╲O、文件檢查等聯絡事項。 4. 處理進出口押匯、信用狀以及保稅帳務相關之工作。 5.
266,14696410,報關行與關務,船務人員,臺灣凡夫股份有限公司,綜合商品批發代理業,神岡區,"月薪 32,000~38,000元",32000,https://www.104.com.tw/job/8qztm,進出口關務與報關單據 (報關/L/C信用狀/提單/海空運),1.處理國際出貨安排（整櫃／LCL／快遞）。 2.製作與審核出口文件（Commercial Invoice、Packing List、B/L、產地證等）。 3.操作三角或四角貿易訂單，熟悉不同開票與出貨流程。 4.與貨代、報關行、倉庫、業務
267,14896487,報關行與關務,國貿業務助理,臺灣凡夫股份有限公司,綜合商品批發代理業,神岡區,"月薪 32,000~37,000元",32000,https://www.104.com.tw/job/8va7b,進出口關務與報關單據 (報關/L/C信用狀/提單/海空運) / ERP / SAP 企業資源與進銷存系統,"訂單與進出口行政作業： 訂單流程管理：負責ERP系統訂單輸入、處理與全程追蹤，確保訂單資料與交期準確性。 出貨與物流報關：協助安排出貨排程，聯繫報關行與船務公司，製作並處理進出口報關文件（Invoice, Packing List"
268,14986685,報關行與關務,船務人員2,三發自行車工業股份有限公司,汽車及其零件製造業,南屯區,"月薪 30,000~35,000元",30000,https://www.104.com.tw/job/8x7st,進出口關務與報關單據 (報關/L/C信用狀/提單/海空運),1.出貨交期確認、報單、文件檢查等聯絡事項 2.負責空運及快遞出口作業及相關協調事務 3.提供出口資料給報關行 4.聯係卡車載貨及運費詢價 5.主管交辦事項 6.有經驗者尤佳
269,13088332,報關行與關務,商務中心英文/日文秘書（台中）,愛思奇新創有限公司,其他不動產業,西屯區,"月薪 30,000~38,000元",30000,https://www.104.com.tw/job/7sj0s,英語商務溝通 (精通/流利/信件/多益TOEIC) / 第二外語能力 (日文/越語/西語/德語) / 商務談判、報價議價與合約簽訂,【請勿重複投遞履歷】 【請直接標明期望薪資，如填寫面議一律不予通知面試】 【工作滿一年，保障年薪13個月薪】 【工作滿三年，保障年薪14個月薪】 《商務中心事務》 1.來賓接待，應對資料填寫，櫃台事務協助 2.商務中心客戶內外服務 3.辦公
270,15272110,報關行與關務,國貿業務助理,虹興機械股份有限公司,電力機械器材製造修配業,大里區,"月薪 34,000~38,000元",34000,https://www.104.com.tw/job/93c1a,進出口關務與報關單據 (報關/L/C信用狀/提單/海空運),. 安排國內外出貨，聯絡工廠、貨運公司、船公司、報關行及其他相關單位，確認交期、排船、簽 S/O、提貨及文件內容。 7. 製作、整理及審核進出口報關文件與貿易單據，包括 Commercial Invoice、Packing List、提貨單
271,14380560,報關行與關務,高階國際貿易專員,厲勝國際股份有限公司,綜合商品批發代理業,西區,"月薪 35,000~9,999,999元",35000,https://www.104.com.tw/job/8k840,海外與跨境經貿 (跨境電商/海外市場/外銷) / 進出口關務與報關單據 (報關/L/C信用狀/提單/海空運),【工作說明】 1. 對接國外廠商，追蹤下單後之生產進度與出貨交期。 2. 審核進口 Invoice、Packing List 等文件並確認進口稅則。 3. 安排海空運航次，協調報關行處理進口與通關事宜。 4. 核對進口應付款項、請款流程與相
272,13294165,報關行與關務,國貿船務人員,琮原有限公司,綜合商品批發代理業,西屯區,"月薪 30,000~40,000元",30000,https://www.104.com.tw/job/7wxud,進出口關務與報關單據 (報關/L/C信用狀/提單/海空運),1. 安排生產出貨並匯整製作報關文件。 2. 聯絡工廠、船公司和報關行，進行交期確認、排船、簽 S╲O、文件檢查等聯絡事項。 3. 追蹤交期及出貨狀況 製作出貨文件並向客人發送帳款之請款工作
273,7256247,報關行與關務,海空運業務代表,泰昌行國際運輸有限公司,貨運承攬業,西區,"月薪 30,000~50,000元",30000,https://www.104.com.tw/job/4biyf,進出口關務與報關單據 (報關/L/C信用狀/提單/海空運) / 商務談判、報價議價與合約簽訂,1.開發潛在客戶，拓展市場，以達成業績目標。 2.定期拜訪重要客戶，維繫穩定客戶關係。 3.負責國內業務接洽及後續進出貨之問題。 4.負責報價，並處理帳款回收相關事宜。 5.主管交辦事項。
274,14302361,報關行與關務,亞太區業務人員,久正光電股份有限公司,光電產業,西屯區,待遇面議(經常性4萬以上),38000,https://www.104.com.tw/job/8ijrt,海外與跨境經貿 (跨境電商/海外市場/外銷) / 進出口關務與報關單據 (報關/L/C信用狀/提單/海空運) / 海外客戶開發與國際商展參展 / 商務談判、報價議價與合約簽訂,- 開拓海外市場、客戶維護及開發新客戶 - 向客戶報價、確認訂單、貨物裝運之方法、處理出貨報關文件作業 - 掌握出貨狀況，並追蹤產品交期 - 服務客戶並掌握客戶需求，建立長期夥伴關係 - 進行巿場分析調查，並提出策略建議 - 參加國際性展覽
275,14704262,報關行與關務,船務/報關人員,哈德亞洲有限公司,其他商品批發業,北屯區,"月薪 35,000~40,000元",35000,https://www.104.com.tw/job/8r5vq,英語商務溝通 (精通/流利/信件/多益TOEIC) / 進出口關務與報關單據 (報關/L/C信用狀/提單/海空運),"德商在台分公司徵才. 1. 需要具備基本國際貿易技能. 2. 外語能力( 英文)需求中等以上, 必須直接聯繫及面對德國同事與歐洲客戶. 3. 初始工作為船務, 後續將學習採購作業, 分擔部分採購工作. 4. 有自行車產業經驗, 是加分的條件"
276,1037723,報關行與關務,出口報關專員 (應屆生可),開原報關股份有限公司,報關業,西區,"月薪 32,500~60,000元",32500,https://www.104.com.tw/job/m8pn,進出口關務與報關單據 (報關/L/C信用狀/提單/海空運),進出口貿易是台灣經濟發展的核心，尤其出口貿易賺取外匯更是重中之要，我們【出口報關專員】的工作面向涵蓋： 1. 負責與出口商聯繫報關之行政作業。 2. 審核出口報關相關資料、彙整並繕製出口報單文件。 3. 貨物進倉、通關放行等流程訊息及進度掌
277,14487240,報關行與關務,進/出口OP報關人員-台中,日盛報關股份有限公司,報關業,梧棲區,"月薪 30,000~40,000元",30000,https://www.104.com.tw/job/8mifc,進出口關務與報關單據 (報關/L/C信用狀/提單/海空運),1.協助客戶處理進/出口事宜。 2.需繕打進/出口報單 3.聯絡船公司、客戶、海關處理等通關相關事宜 4.協助安排卡拖車 5.具有報關專責人員證書者優先錄取 補充: 無經驗可，有經驗佳，依經驗敘薪，歡迎同業加入，薪資另談
278,4551553,報關行與關務,進口報關專員 (應屆生可),開原報關股份有限公司,報關業,西區,"月薪 32,500~60,000元",32500,https://www.104.com.tw/job/2pk01,進出口關務與報關單據 (報關/L/C信用狀/提單/海空運),進出口貿易是台灣經濟發展的核心，尤其進口貿易貨物牽涉許多簽審機關單位的輸入規定，其複雜專業程度猶如各領域專家，我們【進口報關專員】的工作面向涵蓋： 1. 負責進口報關之行政作業，彙整製作簽審機關文件。 2. 審核、繕製進口報關資料與報單文件
279,7273505,報關行與關務,學年(期)實習生 (進出口報關專員),開原報關股份有限公司,報關業,西區,"月薪 29,500~35,000元",29500,https://www.104.com.tw/job/4bw9t,進出口關務與報關單據 (報關/L/C信用狀/提單/海空運),本職務為與全國大專院校合作之「實習接軌就業計畫」，以報關專業職能培訓為主(有志朝向國貿通關專業服務職涯發展，非往國貿業務人員發展者)，讓「學以致用」的最後一哩路充分實踐！ 「報關業」是國際貿易供應鏈裡非常重要的一環，為培育國貿相關科系學生於
280,15164741,報關行與關務,海運進口報關文件專員｜台中梧棲區｜報關OP,台灣航空貨運承攬股份有限公司,貨運承攬業,梧棲區,待遇面議(經常性4萬以上),38000,https://www.104.com.tw/job/9116t,進出口關務與報關單據 (報關/L/C信用狀/提單/海空運) / 商業數據分析與自動化 (Python/PowerBI/Excel樞紐),．具備進口報關實務經驗 ．熟悉Excel、Word、Mail往來書信作業 ．態度熱誠、適應環境優良者優先 ．主管交辦事宜
281,6792657,報關行與關務,進出口報關助理-台中(提供完整教育訓練),五崧捷運股份有限公司,儲配／運輸物流業,西屯區,"月薪 30,000~35,000元",30000,https://www.104.com.tw/job/41l8x,進出口關務與報關單據 (報關/L/C信用狀/提單/海空運),誠摯歡迎您，成為五崧的伙伴，與我們一起合作與切磋學習! 【您將協助我們】 1.負責進出口報關通關作業 2.報關文件繕打與製作 3.客戶聯繫與溝通
282,15094989,報關行與關務,進出口報關OP助理(台中崧盛),登泰國際物流股份有限公司,航空運輸輔助業,梧棲區,"月薪 32,000~35,000元",32000,https://www.104.com.tw/job/8zjd9,進出口關務與報關單據 (報關/L/C信用狀/提單/海空運),1.負責進出口報關之行政作業，並匯整製作報關文件。 2.處理、審核進出口報關之資料與文件。 3.處理進出口押匯、信用狀之工作。
283,13333925,報關行與關務,潭子科技產業園區-進出口報關人員,杰鑫國際物流股份有限公司,儲配／運輸物流業,潭子區,"月薪 30,000~35,000元",30000,https://www.104.com.tw/job/7xsit,進出口關務與報關單據 (報關/L/C信用狀/提單/海空運),1.進出口通關文件檢核，並繕製報單。 2.進出口通關貨況追蹤及流程掌控。 3.負責聯繫廠商進出口作業事項。
284,12709953,報關行與關務,報關人員,廣源報關有限公司,報關業,清水區,"月薪 30,000~9,999,999元",30000,https://www.104.com.tw/job/7kf29,進出口關務與報關單據 (報關/L/C信用狀/提單/海空運),1.負責進出口報關之行政作業，並匯整製作報關文件。 2.處理、審核進出口報關之資料與文件。 3.熟報關進出口或國貿相關人員。 4.協助內勤支援。
285,15384603,報關行與關務,報關人員OP,山隆通運股份有限公司,汽車貨運業,梧棲區,"月薪 30,000~34,000元",30000,https://www.104.com.tw/job/95qu3,進出口關務與報關單據 (報關/L/C信用狀/提單/海空運),1. 製作、審查進出口報關文件。 2. 報單與提單繕打及連線報關。 3. 處理進出口帳務相關之工作。 4. 細心負責、肯學習。 5. 若無報關實務經驗，商業相關科系亦歡迎投遞。
286,14803760,報關行與關務,報關進口OP人員(台中報關),建新國際股份有限公司,儲配／運輸物流業,梧棲區,"月薪 32,000~40,000元",32000,https://www.104.com.tw/job/8tank,進出口關務與報關單據 (報關/L/C信用狀/提單/海空運),1. 負責代辦客戶進口通關、進口報單繕打、處理進口通關相關作業。 2. 電腦查詢、文件建檔、客戶報表彙製及確認通關放行。 3. 相關費用申請與通知。 4. 主管交辦事項。
287,12440075,報關行與關務,報關人員,眾信報關有限公司,報關業,梧棲區,"月薪 32,000~9,999,999元",32000,https://www.104.com.tw/job/7emtn,進出口關務與報關單據 (報關/L/C信用狀/提單/海空運),1.負責進出口報關之行政作業，並匯整製作報關文件。 2.處理進出口報關之資料與文件。
288,14942245,報關行與關務,報關業務-台中,五崧捷運股份有限公司,儲配／運輸物流業,西屯區,"月薪 32,000~43,000元",32000,https://www.104.com.tw/job/8w9id,進出口關務與報關單據 (報關/L/C信用狀/提單/海空運) / 商務談判、報價議價與合約簽訂,1.客戶接單、任務追蹤、客情維繫 2.繕打報價單、業務簡報製作 3.內部溝通協作
289,15353710,報關行與關務,關務專員,欣龍通商報關股份有限公司,報關業,梧棲區,"月薪 31,000~36,000元",31000,https://www.104.com.tw/job/952zy,進出口關務與報關單據 (報關/L/C信用狀/提單/海空運),1.協助進出口貨物通關作業 2.至海關辦理文件遞送、補件及相關事項 3.配合海關查驗、驗貨、抽驗 4.處理查驗發現之貨況、數量、規格等問題 5.協助海關要求之補充說明及文件提供 6.辦理放行、提貨及相關現場聯繫
290,11648221,報關行與關務,海運船務OP (台中),華興報關有限公司,報關業,北區,"月薪 30,000~9,999,999元",30000,https://www.104.com.tw/job/6xntp,進出口關務與報關單據 (報關/L/C信用狀/提單/海空運),"海/空運承攬OP 須國貿畢,一年以上經驗 ★起薪依學經歷而定★ ★依個人工作考核不定期調薪★"
291,15126383,報關行與關務,國貿人員,台灣美味國際貿易有限公司,食品什貨批發業,烏日區,"月薪 35,000~40,000元",35000,https://www.104.com.tw/job/907lb,海外與跨境經貿 (跨境電商/海外市場/外銷) / 進出口關務與報關單據 (報關/L/C信用狀/提單/海空運),．開發國外廠商及現有客戶之連絡維繫 ．安排貨物運輸業務，決定貨物裝運之方法，準備提貨單、發貨單及其他相關文件，進行貨物裝載及遞送 ．完成進出口報關程序。 ．確保進出口證件、保險單據及相關手續均安排妥當。 ．核對進出口文件以確定貨物內容，並依
292,14302064,報關行與關務,進出口文件部/台中市區辦公室,東益報關股份有限公司,報關業,北區,"月薪 30,000~35,000元",30000,https://www.104.com.tw/job/8ijjk,進出口關務與報關單據 (報關/L/C信用狀/提單/海空運),1. 快速又精確的提供客戶進出口報關報驗文件。 2. 熟悉公司不同客戶群的操作方式。 3.及時提供出口SO或進口銷倉資料給運輸部門安排拖車及卡車派送。 4.其他主管交辦事項。 願景：讓全世界要進出口到台灣的貨
293,15279560,報關行與關務,國貿人員,美商瑞弗有限公司,自行車及其零件製造業,大肚區,"月薪 38,000~42,000元",38000,https://www.104.com.tw/job/93hs8,進出口關務與報關單據 (報關/L/C信用狀/提單/海空運),1. 安排海運、空運及快遞等物流運輸。 2. 製作、審核及管理出口相關文件，並準備提貨單、發貨單及其他相關文件。 3. 追蹤國際貨物運輸進度，協助處理物流異常、延誤及客戶需求。 4. 與美國團隊保持溝通與協調。 5. 配合跨部門專案及主管交
294,15328801,報關行與關務,船務人員(台中NTC辦公室),隆宏昌興業股份有限公司,其他商品批發業,西屯區,"月薪 34,000~38,000元",34000,https://www.104.com.tw/job/94js1,英語商務溝通 (精通/流利/信件/多益TOEIC) / 進出口關務與報關單據 (報關/L/C信用狀/提單/海空運),1. 貨物進出口安排 2.其他主管交辦事項 ＊英文讀、寫能力中等〈主要為報關文件閱讀及撰寫〉
295,12069978,報關行與關務,Senior Procurement Specialist,美商威立德有限公司臺灣分公司,非金屬家具及裝設品製造業,西屯區,"月薪 45,000~9,999,999元",45000,https://www.104.com.tw/job/76p96,英語商務溝通 (精通/流利/信件/多益TOEIC) / ERP / SAP 企業資源與進銷存系統 / 商業數據分析與自動化 (Python/PowerBI/Excel樞紐),"People Are Our Purpose! Creating elevated workspaces is what we do, but people are the reason we do it. The things we ma"
296,14943585,報關行與關務,量材公證人員-台中港,上林公證有限公司,檢測技術服務,清水區,"月薪 38,000~39,000元",38000,https://www.104.com.tw/job/8wajl,,1. 貨櫃場出口貨物量呎(丈量貨物體積)、KEY IN及回報客戶量呎結果。 2. 貨櫃裝櫃公證。 3. 可能會在台中港區內不同櫃場輪調/支援。
297,15352283,報關行與關務,業務助理(英文書信往來),皇將科技股份有限公司,通用機械設備製造修配業,大里區,"月薪 32,000~34,000元",32000,https://www.104.com.tw/job/951wb,英語商務溝通 (精通/流利/信件/多益TOEIC),印度區訂單協助處理 主管交辦事項
298,14776176,報關行與關務,Freight Forwarding 貨代人員,香港商邊行有限公司台灣分公司,海運,梧棲區,待遇面議(經常性4萬以上),38000,https://www.104.com.tw/job/8spdc,進出口關務與報關單據 (報關/L/C信用狀/提單/海空運),執行業務開發，尋找新客戶並維繫舊有客戶關係 ■ 與團隊進行每週業務與操作檢討會議 ■ 確保所有貨件符合報關與法規要求 ■ 處理貨運異常，並提出解決方案 ■ 成本控管與利潤預估，定期產出報表 * 這是一個適合想在貨代業務中深耕並與公司共同成長
299,15144480,報關行與關務,鞋廠船務助理,東治實業股份有限公司,鞋類製造業,東區,"月薪 30,000~9,999,999元",30000,https://www.104.com.tw/job/90lk0,進出口關務與報關單據 (報關/L/C信用狀/提單/海空運),"1. 三角貿易的出口相關工作 2. 依據客戶要求, 協助工廠申請及製作出口相關文件(例如: packing & invoice) 3. 依照訂單交貨期, 協助工廠及時安排船期並準時出貨 4. 製作正確的出口文件給客戶提貨及付款"
300,12823589,報關行與關務,Strategic Procurement Program Lead,美商威立德有限公司臺灣分公司,非金屬家具及裝設品製造業,西屯區,"月薪 46,000~9,999,999元",46000,https://www.104.com.tw/job/7muqt,ERP / SAP 企業資源與進銷存系統 / 商業數據分析與自動化 (Python/PowerBI/Excel樞紐),Position Overview We are seeking a Strategic Procurement Program Lead to drive procurement programs and cost optimizatio
301,15268606,報關行與關務,{總公司職缺}國貿人員,T4清茶達人_晴天美食股份有限公司,其他餐飲業,豐原區,"月薪 35,000~42,999元",35000,https://www.104.com.tw/job/939by,海外與跨境經貿 (跨境電商/海外市場/外銷) / 進出口關務與報關單據 (報關/L/C信用狀/提單/海空運) / ERP / SAP 企業資源與進銷存系統,1.維繫國外客戶，協助解決問題，應對進退合宜。 2.處理訂貨、出貨安排及出口、裝櫃相關作業。 3.有食品進出口相關經驗。 4.需有團隊精神、細心、負責任、態度積極、獨立完成工作之能力。 5.完成主管機動性交辦事項及庶務性行政工作。 6.熟悉
302,12114375,報關行與關務,文件人員,泰昌行國際運輸有限公司,貨運承攬業,西區,"月薪 32,000~35,000元",32000,https://www.104.com.tw/job/77nif,海外與跨境經貿 (跨境電商/海外市場/外銷) / 進出口關務與報關單據 (報關/L/C信用狀/提單/海空運),1.負責進出口報關之行政作業，並匯整製作報關文件。 2.處理、審核進出口報關之資料與文件。 3.海空運出口文件提單輸入至系統並核對確實 4.核對供應商文件/費用是否正確 5.客戶電話/信件往來確認文件、船期等聯絡事項 6.與海外代理進行文件
303,15286452,報關行與關務,運務人員-OP(台中分公司),裕運國際運輸股份有限公司,海運,西屯區,"月薪 38,000~45,000元",38000,https://www.104.com.tw/job/93n3o,海外與跨境經貿 (跨境電商/海外市場/外銷) / 進出口關務與報關單據 (報關/L/C信用狀/提單/海空運),1.製作及審核出口報關資料與文件 2.出貨交期確認、排船、簽 S＼O、文件檢查等聯絡事項 3.處理進出口運務相關之工作 4.處理國內、外客戶出貨及相關事務協調 5.負責進出口船務及報關作業 6.國外代理貨物追蹤聯繫與協調
304,14565546,報關行與關務,業務助理(台中營業所),日商_華稻股份有限公司,其他半導體相關業,西屯區,"月薪 32,000~9,999,999元",32000,https://www.104.com.tw/job/8o6ui,進出口關務與報關單據 (報關/L/C信用狀/提單/海空運),"華稻公司為日系貿易公司, 業務助理職缺1名, 工作需通日本語, 對應國內客戶、 國內外供應商、物流產業等進出口訂單管理暨行政事務。 公司主要經營銷售半導體相關產品材料, 項目包括偏光片、半導體原材料、光電應用產品、機台儀器設備及塑膠、化學品"
305,8162019,報關行與關務,空運出口客服CS及文件OP(台中),台騑聯運股份有限公司,貨運承攬業,西區,"月薪 35,000~9,999,999元",35000,https://www.104.com.tw/job/4uxur,進出口關務與報關單據 (報關/L/C信用狀/提單/海空運),具空/海運出口相關經驗者佳 高度工作熱忱，願意接受工作加班，能獨立作業，懂電腦文書作業。
306,15396906,報關行與關務,E45-【穩定國貿工作✧工時不用八小時✧近市府捷運站】日企國貿人員,精英人力資源股份有限公司,人力仲介代徵,西屯區,"月薪 40,000~55,000元",40000,https://www.104.com.tw/job/960bu,英語商務溝通 (精通/流利/信件/多益TOEIC) / 第二外語能力 (日文/越語/西語/德語) / 進出口關務與報關單據 (報關/L/C信用狀/提單/海空運),【工作內容】 1. 接單、下單與訂單管理 2. 交期安排與出貨船務文件製作 3. 供應商與客戶溝通協調 4. 應收應付帳款確認與處理 5. 客戶情報收集與業務擴展 6. 主管交辦事項 【上班時間】周一~周五8:30~17:00，中間休1.5
307,12838283,報關行與關務,國貿助理 薪38000~42000,益詮精密股份有限公司,其他金屬相關製造業,太平區,"月薪 38,000~42,000元",38000,https://www.104.com.tw/job/7n62z,海外與跨境經貿 (跨境電商/海外市場/外銷) / 進出口關務與報關單據 (報關/L/C信用狀/提單/海空運),新客開發及業務通路拓展 產品銷售與客戶解說 客訴處理與客戶關係維護 客戶資料收集與管理 業績報表撰寫與目標達成 國外市場開發及國際貿易操作（包括進出口業務、報關、價格核算及貿易單據製作） 行政事務處理（追貨清單管理、EDM開發信撰寫及設計、
308,15314352,報關行與關務,船務文件專員,康柏股份有限公司,綜合商品批發代理業,西屯區,"月薪 35,000~9,999,999元",35000,https://www.104.com.tw/job/948mo,進出口關務與報關單據 (報關/L/C信用狀/提單/海空運),1.負責三角貿易出口船務作業 2.製作出口文件及審核工廠請款文件 3.處理出口押匯 信用狀 4. 處理出貨及相關協調事務
309,14308774,報關行與關務,國貿採購專員 (國外採購/進口/出口),安鋒實業股份有限公司,化學原料及其製品批發業,南屯區,"月薪 40,000~9,999,999元",40000,https://www.104.com.tw/job/8iopy,海外與跨境經貿 (跨境電商/海外市場/外銷) / 英語商務溝通 (精通/流利/信件/多益TOEIC) / 進出口關務與報關單據 (報關/L/C信用狀/提單/海空運) / 商務談判、報價議價與合約簽訂,"國貿採購專員 (國外採購/進口/出口) 【工作內容】 1.貿易實務： 進口流程(主要佔大宗)、出口流程，包含文件製作、審核（Invoice, PL, BL, L/C, SDS, COA、TDS）等。 2.供應鏈協調： 聯繫歐、美、日供應廠商"
310,15280286,報關行與關務,海空運進出口業務助理,雷富通運有限公司,貨運承攬業,西區,"月薪 30,000~40,000元",30000,https://www.104.com.tw/job/93ice,海外與跨境經貿 (跨境電商/海外市場/外銷) / 進出口關務與報關單據 (報關/L/C信用狀/提單/海空運) / 商務談判、報價議價與合約簽訂,"工作內容 : 1. 聯絡客戶(海/空運), 安排出貨及後續相關協調事務。 2. 海外代理及國內外客戶詢價、報價、貨件安排及追蹤。 3. 與客戶及海外代理聯繫及維繫良好合作關係。 4. 協助依不同客戶要求提供適合的船期, 報價及追蹤報表，以及"
311,15154474,報關行與關務,外貿專員,元慶國際貿易有限公司,化學原料及其製品批發業,北屯區,"月薪 30,000~40,000元",30000,https://www.104.com.tw/job/90t9m,,1. 出口文件業務。 2. 採購作業。 3. 費用報表整理。
312,13081641,報關行與關務,文件人員(台中) ★歡迎應屆畢業生,東方超捷國際物流股份有限公司,海運,北屯區,"月薪 32,000~35,000元",32000,https://www.104.com.tw/job/7sdux,海外與跨境經貿 (跨境電商/海外市場/外銷) / 進出口關務與報關單據 (報關/L/C信用狀/提單/海空運),1.海運出口文件提單輸入至系統並核對確實 2.核對船公司文件/費用是否正確 3.客戶電話/信件往來確認文件、船期等聯絡事項 4.和國外代理進行文件上的聯絡 5.協助OP處理作業相關流程
313,15391057,報關行與關務,國貿採購,菁菓有限公司,綜合商品批發代理業,西區,待遇面議(經常性4萬以上),38000,https://www.104.com.tw/job/95vtd,海外與跨境經貿 (跨境電商/海外市場/外銷) / 進出口關務與報關單據 (報關/L/C信用狀/提單/海空運) / ERP / SAP 企業資源與進銷存系統 / 商業數據分析與自動化 (Python/PowerBI/Excel樞紐),1. 熟悉進口報關流程，文件審核。 2. 國外客戶詢價與成本計算。 3. 國內行情調查。 4. 追蹤到貨狀況。 5. 相關貨款報表製作。 6. 熟Excel，數字概念強，細心。 7. 熟 ERP操作。 8.其他主管交辦事項。 9.會開車。
314,14222643,報關行與關務,業務助理,捷力精密機械股份有限公司,通用機械設備製造修配業,南屯區,"月薪 32,000~38,000元",32000,https://www.104.com.tw/job/8gu9f,商務談判、報價議價與合約簽訂,※視相關經驗能力敘薪※ 1.協助業務報價/接單/收款/出貨/退貨等作業 2.機器&零件交期進度追蹤 3.售服零件購買報價/接單/收款/出貨/退貨等作業 4.相關請款作業 5.部門專案分工 6.主管交辦事項
315,14640902,報關行與關務,船務人員/業務助理,台嵩貿易有限公司,綜合商品批發代理業,西屯區,"月薪 35,000~40,000元",35000,https://www.104.com.tw/job/8pszq,英語商務溝通 (精通/流利/信件/多益TOEIC) / 進出口關務與報關單據 (報關/L/C信用狀/提單/海空運) / 商務談判、報價議價與合約簽訂 / ERP / SAP 企業資源與進銷存系統 / 商業數據分析與自動化 (Python/PowerBI/Excel樞紐),"需求： 1. *需有國貿及進出口工作經驗 2. 熟 Office 操作（Excel, Word 為主） 3. 具基本英文能力 4. 有自行車經驗 及 ERP使用經驗者佳 5. 細心, 反應靈活. *工作內容* 1. 處理訂單, 安排進/出貨"
316,14511750,報關行與關務,客服助理,華偉實業股份有限公司,塑膠製品製造業,南屯區,"月薪 32,000~36,000元",32000,https://www.104.com.tw/job/8n1c6,商務談判、報價議價與合約簽訂,1. 協助業務人員進行報價、訂單、出貨及追蹤管理 2. 處理銷售相關之內部行政作業 3. 協調與其他部門之間的相關作業流程 4. 完成主管交辦事項或部門支援
317,12874591,報關行與關務,《台中》-海運OP助理,萬泰物流供應鏈股份有限公司,航空運輸輔助業,西區,"月薪 34,000~9,999,999元",34000,https://www.104.com.tw/job/7ny3j,英語商務溝通 (精通/流利/信件/多益TOEIC) / 進出口關務與報關單據 (報關/L/C信用狀/提單/海空運) / 商務談判、報價議價與合約簽訂,1.協助詢價/報價，提供業務/客戶運價船期、航班等相關資訊。 2. 進出口文件繕打，熟悉電腦操作及一般文書處理。 3. 協助貨物運輸安排和聯繫、貨物進度追蹤。 4.代理往來Email，需具基本商業英文書信與會話說、讀、寫中等能力。 5.主管
318,14321899,報關行與關務,"物流OP文件 (台中 + 泰國แพรกษา Pakasa, Thailand)",鴻泰國際物流有限公司,儲配／運輸物流業,南屯區,"月薪 32,000~32,000元",32000,https://www.104.com.tw/job/8iyuj,生成式 AI 與智慧工具 (ChatGPT/Prompt/Copilot/AI) / 海外與跨境經貿 (跨境電商/海外市場/外銷) / 進出口關務與報關單據 (報關/L/C信用狀/提單/海空運),1.Handle import/export freight files 2.Monitor the shipment 3.Arrange and plan shipment delivery 4.Verify FCR requiremen
319,15236480,報關行與關務,船務/船務助理（台中）,達方企業股份有限公司,機械器具批發業,西屯區,"月薪 35,000~42,000元",35000,https://www.104.com.tw/job/92kjk,進出口關務與報關單據 (報關/L/C信用狀/提單/海空運),1. 負責與協助進出口報關相關業務(海運與空運)。 -海運: 排櫃、訂倉、協調交期、出貨、文件製作等。 -空運: 零件包裝、評估運費、空運invoice製作與整理、聯絡廠商與快遞公司等。 2. 主管交辦事項。 3. 文書整理。 4.
320,12338264,報關行與關務,文件人員(台中) **無經驗可**,鴻泰國際物流有限公司,儲配／運輸物流業,南屯區,"月薪 32,000~35,000元",32000,https://www.104.com.tw/job/7cg9k,,1. 文件KEY IN / 核對 2. 帳務處理/核對 3. 需配合加班 4. 主管交辦事項 5. 有經驗佳
321,13046588,報關行與關務,關務人員,遠達國際企業有限公司,儲配／運輸物流業,南屯區,"月薪 29,500~38,000元",29500,https://www.104.com.tw/job/7rmt8,進出口關務與報關單據 (報關/L/C信用狀/提單/海空運),1.關務申報，快遞報關相關事宜 2.文件資料檢查與更新，每日報關資料新增修改及處理。 3.貨物查驗協助出貨人與海關人員溝通協調等事宜。 4.辦理貨物進出口手續等相關作業。 5.完成主管其他交辦事項
322,13676224,報關行與關務,PCG230076-關務_關務理級人員(台中),寶成工業股份有限公司,鞋類製造業,西屯區,待遇面議(經常性4萬以上),38000,https://www.104.com.tw/job/854n4,海外與跨境經貿 (跨境電商/海外市場/外銷) / 進出口關務與報關單據 (報關/L/C信用狀/提單/海空運) / 海外客戶開發與國際商展參展 / 商業數據分析與自動化 (Python/PowerBI/Excel樞紐),．智能開發 運用 Excel VBA 等工具進行資料處理、報表自動化及作業效率提升。 參與智能開發及自動化應用，協助將業務需求轉化為系統或工具解決方案。 專案規劃/整合/作業優化。 ．關務內稽督導。 ．了解海關法規。 ．可配合海外出差
323,11949297,報關行與關務,中區實習生,沛華實業股份有限公司,貨運承攬業,西區,"月薪 32,000~9,999,999元",32000,https://www.104.com.tw/job/7444x,進出口關務與報關單據 (報關/L/C信用狀/提單/海空運),船務文件提單繕打編列與製作、協助業務相關事項，實習結束後直接轉正職，並提供機會輔導您往海空運專業運務人員發展。公司提供完整的培訓，未來也有暢通的升遷管道。 目前航運業甚為火熱，正是進入這個產業的最佳時機，歡迎加入我們。
324,14459707,報關行與關務,【台中分公司】海運進出口OP人員,歐華全球物流股份有限公司,貨運承攬業,西屯區,"月薪 30,000~40,000元",30000,https://www.104.com.tw/job/8lx6j,海外與跨境經貿 (跨境電商/海外市場/外銷) / 英語商務溝通 (精通/流利/信件/多益TOEIC) / 進出口關務與報關單據 (報關/L/C信用狀/提單/海空運),"1. 進/出口提單擅打、帳單製作與核對 。 2. 協助貨物訂艙、貨物進度追蹤、船期回報等相關事宜 。 3. 與國外分公司/代理往來Email，需具基本英文書信。 4. 主管交辦事項。 可獨立操作海運進出口 門到門(一條龍)作業 能配合團隊,"
325,13172631,報關行與關務,國內業務人員,宏台集團_宏台電子股份有限公司,其他電子零組件相關業,北屯區,"月薪 40,000~60,000元",40000,https://www.104.com.tw/job/7uc2f,海外與跨境經貿 (跨境電商/海外市場/外銷) / 英語商務溝通 (精通/流利/信件/多益TOEIC) / 進出口關務與報關單據 (報關/L/C信用狀/提單/海空運) / 海外客戶開發與國際商展參展 / 商務談判、報價議價與合約簽訂,※ 我們的貿易公司主要從事新能源電子材料進出口業務，計劃擴展不同領域的業務範圍。 ※ 公司有優秀團隊協助推展業務。 ※ 應徵者具半導體、伺服器相關產業經驗者佳。 ㄧ、必備/優先經驗： 優先錄用：具 2 年以上電子業 B2B 業務經驗（如電子
326,4744260,報關行與關務,關務專員 (梧棲區),開原報關股份有限公司,報關業,梧棲區,"月薪 29,500~50,000元",29500,https://www.104.com.tw/job/2top0,進出口關務與報關單據 (報關/L/C信用狀/提單/海空運),進出口貿易是台灣經濟發展的核心，而海關的通關程序是否順利完成，則是每一次國際貿易的重要關鍵，我們【關務專員 (梧棲區)】的工作面向涵蓋： 1. 培養具備國際貿易進出口通關之基本概念。 2. 審核進出口通關資料、報單文件及遞件流程掌控。 3.
327,15258698,報關行與關務,業務助理,友典實業股份有限公司,通用機械設備製造修配業,烏日區,"月薪 35,000~40,000元",35000,https://www.104.com.tw/job/931oq,進出口關務與報關單據 (報關/L/C信用狀/提單/海空運),【業務助理】歡迎熱情加入！ 如果你是一個注重細節、喜歡與人互動且熱愛挑戰的人，這份工作就是為你量身打造的！ 你的任務： 1. 用心處理出貨業務與進出口報關事宜。 2. 成為客戶的最佳夥伴！保持聯繫、回覆e-mail，並確認交貨期。 3. 支
328,15268967,報關行與關務,倉管助理 Warehouse Assistant,滬睿國際有限公司,藝文服務業,烏日區,"月薪 33,000~9,999,999元",33000,https://www.104.com.tw/job/939lz,,1.進/出貨作業 2.盤點作業 3.庫存管理 4.主管交辦事項 倉管是負責倉庫物品及貨物進出管理、盤點作業、儲位管理等工作，對於企業來說十分重要，此職位發展前景良好。 歡迎符合條件的人士應徵此職位。
329,12655941,報關行與關務,業務助理,旺泓有限公司,光電產業,西屯區,"月薪 33,000~38,000元",33000,https://www.104.com.tw/job/7j9dx,進出口關務與報關單據 (報關/L/C信用狀/提單/海空運),業務助理 1. 輸入、處理並追蹤客戶訂單，並將訂單資料存檔備份。 2. 保持與客戶間之聯繫，回覆e-mail，並確認交貨期。 3. 提供出貨文件，協助業務人員控管出貨，並處理進出口事宜。 4. 定期提供業務銷售狀況報表，以供業務人員或主管參
330,14336532,報關行與關務,業務後勤客服/台中港辦公室,東益報關股份有限公司,報關業,梧棲區,"月薪 29,500~36,000元",29500,https://www.104.com.tw/job/8ja50,進出口關務與報關單據 (報關/L/C信用狀/提單/海空運),業務人員處理銷售業務相關之公司內部行政作業。 6. 協助業務人員整理客戶資料（如：公司基本資料、交易記錄、問題處理狀況）。 ※有船務、報關、倉儲、拖車經驗者佳，徵打字快、反應高、積極度高 、能量強者，歡迎有相關經驗的同行加入我們的行列。 願
331,14649415,報關行與關務,採購行政專員,美商威立德有限公司臺灣分公司,非金屬家具及裝設品製造業,西屯區,"月薪 32,000~38,000元",32000,https://www.104.com.tw/job/8pzk7,英語商務溝通 (精通/流利/信件/多益TOEIC) / 進出口關務與報關單據 (報關/L/C信用狀/提單/海空運) / ERP / SAP 企業資源與進銷存系統 / 商業數據分析與自動化 (Python/PowerBI/Excel樞紐),工作內容： 我們正在尋找一位細心、負責的採購行政專員，協助執行日常行政作業及系統資料管理。 主要工作內容包括： • 負責在 ERP 與 SAP 系統中進行資料建檔、維護與更新 • 協助處理訂單建檔、確認與流程追蹤 • 整理供應商提供之出貨相
332,11410071,報關行與關務,海運進出口OP (台中分公司),海億通運股份有限公司,儲配／運輸物流業,西區,"月薪 35,000~45,000元",35000,https://www.104.com.tw/job/6sk2f,進出口關務與報關單據 (報關/L/C信用狀/提單/海空運),"1. 熟悉海運操作流程 2. 擅製提單,客戶帳單結算等作業 3. 擅Microsoft office軟體操作 4. 具備1-2年相關 CS 與 OP 工作經驗尤佳 5. 熟海運美線操作尤佳 6. 熟海運進口操作尤佳"
333,14114711,報關行與關務,業務助理,惟聖科技股份有限公司,其他電子零組件相關業,北屯區,"月薪 36,000~40,000元",36000,https://www.104.com.tw/job/8eizb,進出口關務與報關單據 (報關/L/C信用狀/提單/海空運),1. 支援業務工作內容。 2. 支援業務做客戶資料分析。 3. 安排進出口事宜。 4. 負責確認訂單。 5. 確認產品規格。 6. 負責向船、空運公司訪價。 7. 安排生產出貨，處理出貨報關文件作業。 8. 確認貨物裝運之方法，並準備提貨單
334,13081637,報關行與關務,OP人員(台中),東方超捷國際物流股份有限公司,海運,北屯區,"月薪 34,000~37,000元",34000,https://www.104.com.tw/job/7sdut,進出口關務與報關單據 (報關/L/C信用狀/提單/海空運),有海運出口經驗者佳。
335,15174614,報關行與關務,國貿助理,擎宏電子企業有限公司,消費性電子產品製造業,北屯區,"月薪 35,000~40,000元",35000,https://www.104.com.tw/job/918t2,商務談判、報價議價與合約簽訂,1.處理客戶詢價、訂單、出貨、日常業務聯繫等事宜。 2.協助產品報價訂單資料。 3.追蹤交期安排出貨。 4.協助客戶往來溝通。 5.處理主管交辦事項。
336,9103893,報關行與關務,國貿助理,系格工業股份有限公司,塑膠製品製造業,大雅區,"月薪 32,000~40,000元",32000,https://www.104.com.tw/job/5f4lx,進出口關務與報關單據 (報關/L/C信用狀/提單/海空運) / 商務談判、報價議價與合約簽訂,1. 確認產品規格。 2. 負責向廠商訪價。 3. 負責向客戶報價並確認訂單。 4. 安排生產出貨，處理出貨報關文件作業。 5. 決定貨物裝運之方法，並準備提貨單、發貨單及其他相關文件。 6. 追蹤交期及出貨狀況。 7. 負責客戶與廠商之間
337,15177924,報關行與關務,國際業務助理,擎宏電子企業有限公司,消費性電子產品製造業,北屯區,"月薪 35,000~40,000元",35000,https://www.104.com.tw/job/91bd0,進出口關務與報關單據 (報關/L/C信用狀/提單/海空運) / 商務談判、報價議價與合約簽訂 / ERP / SAP 企業資源與進銷存系統,1. 協助處理進出口貿易流程，含報價、下單、出貨、物流與文件歸檔 2. 依據合約與客戶要求製作、審核出入口文件（發票、裝箱單、產地證明、保險等） 3. 追蹤訂單進度與交期，主動與供應商、客戶溝通 4. 進行ERP資料建檔、維護資料正確性 5
338,12603792,報關行與關務,國貿採購助理,璽貿實業股份有限公司,綜合商品批發代理業,西屯區,"月薪 32,000~35,000元",32000,https://www.104.com.tw/job/7i55c,ERP / SAP 企業資源與進銷存系統,1. 三角貿易採購詢價。 2. 協助處理庶務性行政工作。 3. 負責樣品收發存檔、物件寄送。 4. 辦公室公共事務。 5. 協助每日訂單出貨及進銷存系統作業，並製作訂單追蹤報表與庫存管理。 6. 協助準備清關文件報表。 7. 主管其他交辦事
339,15326195,報關行與關務,國際物流營運專員,億豐綜合工業股份有限公司,其他相關製造業,西屯區,待遇面議(經常性4萬以上),38000,https://www.104.com.tw/job/94hrn,海外與跨境經貿 (跨境電商/海外市場/外銷) / 進出口關務與報關單據 (報關/L/C信用狀/提單/海空運) / 商業數據分析與自動化 (Python/PowerBI/Excel樞紐),"工作內容： 1.擔任英國、澳洲、紐西蘭等據點海外團隊的窗口,工廠的聯繫協調。 2.熟悉國貿、運輸、物流及進出口相關流程等,有實務經驗者優。 3.相關數據分析。"
340,15395589,報關行與關務,Molteni&C｜國際貿易專員International Trade Specialist,大雅廚房器具有限公司,金屬家具及裝設品製造業,大雅區,待遇面議(經常性4萬以上),38000,https://www.104.com.tw/job/95zb9,海外與跨境經貿 (跨境電商/海外市場/外銷) / 英語商務溝通 (精通/流利/信件/多益TOEIC) / 進出口關務與報關單據 (報關/L/C信用狀/提單/海空運),管理，是品牌與海外原廠之間重要的溝通窗口。 ## 主要工作 ・與義大利原廠進行日常英文聯繫與溝通 ・海外訂單確認、下單及進度追蹤 ・產品交期、生產及出貨進度管理 ・進口文件、報關及國際物流相關作業 ・Invoice、
341,7995959,報關行與關務,檢定員(台中),寶島全球保險公證有限公司,工商顧問服務業,梧棲區,"月薪 32,000~9,999,999元",32000,https://www.104.com.tw/job/4rdpz,進出口關務與報關單據 (報關/L/C信用狀/提單/海空運),1. 中龍公司進出口貨物鋼品公證。 2. 台中港進出口貨品公證。 3. 貨物現場監裝/卸公證。 4. 無經驗可(提供培訓及教育訓練)。 5. 拔擢優秀員工提升技能(考取公證人執照者，給予獎金及加薪，並列為儲備幹部)。 6. 可配合加班者，優
342,15145132,報關行與關務,國貿人員,上岳科技股份有限公司,醫療器材製造業,南屯區,"月薪 35,000~45,000元",35000,https://www.104.com.tw/job/90m24,商務談判、報價議價與合約簽訂 / ERP / SAP 企業資源與進銷存系統,1.現有客戶維護、與日常維繫， 2.客戶詢價處理、報價提供及簽約、客戶驗貨陪同。 3.新客戶、新市場之開發及規劃與參與展覽行銷活動。 4.客戶問題回饋與抱怨處理 5.客戶應收帳款催收。 6.定期檢視客戶的下單及業績狀況與檢討，製作週報表，報
343,8070936,報關行與關務,業務助理,天勤精機股份有限公司,綜合商品批發代理業,南屯區,"月薪 30,000~33,000元",30000,https://www.104.com.tw/job/4szko,進出口關務與報關單據 (報關/L/C信用狀/提單/海空運),1.提供出貨文件，協助業務人員控管出貨。 2.能獨立處理進出口文件/報關。 3.定期提供業務銷售狀況報表。 4.文件歸檔。 5.協助產品資料建檔。 6.辦公室行政庶務。 7.主管交辦事項。
344,15384769,報關行與關務,國貿船務助理,紳普有限公司,綜合商品批發代理業,北屯區,"月薪 30,000~40,000元",30000,https://www.104.com.tw/job/95qyp,進出口關務與報關單據 (報關/L/C信用狀/提單/海空運),3. 聯繫船公司、貨運承攬及相關物流單位，安排海運、空運、鐵路及快遞等出貨事宜，讓貨物準時、順利踏上旅程。 4. 製作及整理 Invoice、Packing List、提單及報關文件等出口文件，細心掌握每個小細節，讓文件準確無誤、不出差錯！
345,14048015,報關行與關務,港區物流專員 Site Logistics Coordinator (台中),台灣高虎股份有限公司,儲配／運輸物流業,梧棲區,待遇面議(經常性4萬以上),38000,https://www.104.com.tw/job/8d3in,海外與跨境經貿 (跨境電商/海外市場/外銷),You'll be part of our team for the renewable energy project at the Taichung Harbour. Join a global company for career de
346,11820563,報關行與關務,中區實習生,沛榮國際股份有限公司,貨運承攬業,西區,"月薪 32,000~9,999,999元",32000,https://www.104.com.tw/job/71csz,進出口關務與報關單據 (報關/L/C信用狀/提單/海空運),船務文件提單繕打編列與製作、協助業務相關事項，實習結束後可轉正職，有升遷管道。 歡迎大四生加入我們。
347,15294735,報關行與關務,T26077 綜合物流業務人員,臺灣日通國際物流股份有限公司,貨運承攬業,西屯區,"月薪 38,000~45,000元",38000,https://www.104.com.tw/job/93thr,英語商務溝通 (精通/流利/信件/多益TOEIC) / 進出口關務與報關單據 (報關/L/C信用狀/提單/海空運) / 商務談判、報價議價與合約簽訂,【你會參與的工作】 1. 開發客戶、拓展市場：開發潛在客戶，拓展業務機會 2. 維繫客戶關係：定期拜訪、聯繫既有客戶，成為客戶信賴的窗口，持續深化長期合作關係。 3. 成本試算與報價：提供海空運及物流服務相關報價與專業諮詢 4. 案件與帳務
348,12871333,報關行與關務,空、海運-儲備幹部(台中市)★歡迎應屆畢業生&具經驗佳,佳運國際航空貨運承攬有限公司,航空運輸輔助業,南屯區,"月薪 38,000~80,000元",38000,https://www.104.com.tw/job/7nvl1,進出口關務與報關單據 (報關/L/C信用狀/提單/海空運),"1.空/海運出口事務,負責客戶出口海/空運文件、出貨安排、提單/報關製作與調派。 2.聯繫與追蹤客戶出貨狀況。 3.主管交辦事項。"
349,15377371,報關行與關務,空運OP/文件人員(中區),世邦國際股份有限公司,海運,西屯區,"月薪 33,000~40,000元",33000,https://www.104.com.tw/job/95l97,進出口關務與報關單據 (報關/L/C信用狀/提單/海空運),1.負責空運進出口操作。 2.進出口文件提單繕製及審核 3.客戶服務及相關業務處理
350,14295193,報關行與關務,台中-實習生,華泓國際運輸股份有限公司,陸上運輸輔助業,北屯區,"月薪 30,000~30,000元",30000,https://www.104.com.tw/job/8ie8p,,歡迎大四實習生： 1.開放業務、客服實習機會。 2.提前進入職場，利用公司提供的豐富資源，了解相關產業各方面運作。 3.累積實務經驗，與溝通協調能力。 4.實習期間表現優異，於畢業後可轉任正職。 5.享有與正職同仁相同的福利制度。
351,12169920,報關行與關務,【中龍碼頭】船務指揮人員,金瑲國際股份有限公司,汽車貨運業,龍井區,"月薪 48,000~51,000元",48000,https://www.104.com.tw/job/78udc,進出口關務與報關單據 (報關/L/C信用狀/提單/海空運),拿著無線對講機(會說話即可).在船上甲板或樓梯指揮一台卸料機.在船艙卸料.
352,14081246,報關行與關務,進出口採購專員,PORTER INTERNATIONAL_尚立國際股份有限公司,百貨相關業,大雅區,待遇面議(經常性4萬以上),38000,https://www.104.com.tw/job/8dt5q,第二外語能力 (日文/越語/西語/德語) / 進出口關務與報關單據 (報關/L/C信用狀/提單/海空運),1. 依訂單需求進行工廠採購作業 2. 管理和跟進工廠採購交期、跟進及管理進貨排程 3. 每月各種進出口報表製作/分析/管理 4. 採購進口(大陸、越南)報關、船務安排相關事宜 5. 客戶訂單出口(亞洲、歐洲)報關、船務安排相關事宜 6. 
353,15378720,報關行與關務,E29-日商 國貿人員,精英人力資源股份有限公司,人力仲介代徵,西屯區,"月薪 40,000~9,999,999元",40000,https://www.104.com.tw/job/95mao,進出口關務與報關單據 (報關/L/C信用狀/提單/海空運),【工作內容】 1. 訂單管理(接單.下單) 2. 交期安排與船務出貨文件製作 3. 負責供應商端與客戶端的溝通協調 4. 應收應付帳款確認與處理 5. 主管交辦事務 6. 文書處理，文件輸入建檔 7. 出口貨物報關/價格核算 8. 貿易單據
354,6088893,報關行與關務,國際採購專員,捷康生技股份有限公司,其他醫療保健服務業,西屯區,待遇面議(經常性4萬以上),38000,https://www.104.com.tw/job/3mi7x,海外與跨境經貿 (跨境電商/海外市場/外銷) / 商務談判、報價議價與合約簽訂,▍工作內容 ・負責向國外原料供應商進行詢價、比價、議價及交易條件談判，並依公司採購流程完成訂單作業。 ・與國內外供應商、國際快遞公司及船運公司聯繫，追蹤交期、出貨進度、運輸安排及相關文件，確保採購流程順利完成。 ・處理採購、交期、品質或運輸
355,14359747,報關行與關務,關務專員,億豐綜合工業股份有限公司,其他相關製造業,西屯區,待遇面議(經常性4萬以上),38000,https://www.104.com.tw/job/8js1v,海外與跨境經貿 (跨境電商/海外市場/外銷) / 進出口關務與報關單據 (報關/L/C信用狀/提單/海空運),1.關務專員，協助處理海外廠的關務作業。 2. 判斷符合進口國海關稅則規定之各項工作專案推進。 3. 審核進出口報關資料與文件。 4. 協助進出口空運、海運船務及報關作業流程改善。 5. 因應海關政策之各項事務處理。 6. 孰悉進出口作
356,15068042,報關行與關務,進出口 OP 人員-台中,扶晟有限公司,儲配／運輸物流業,西區,"月薪 40,000~50,000元",40000,https://www.104.com.tw/job/8yykq,海外與跨境經貿 (跨境電商/海外市場/外銷) / 進出口關務與報關單據 (報關/L/C信用狀/提單/海空運),1.) 負責海運進出口業務之整體操作流程 2.) 與航商、船務代理、同行聯繫洽詢運價並安排訂艙 3.) 製作及審核報關、提單、裝箱單、商業發票等相關文件 4.) 與海外代理（美國 / 歐洲）聯繫協調貨物狀況 5.) 追蹤貨況、安排進出口報關
357,15359206,報關行與關務,T26090 綜合物流外務人員,臺灣日通國際物流股份有限公司,貨運承攬業,西屯區,"月薪 31,000~33,000元",31000,https://www.104.com.tw/job/9578m,進出口關務與報關單據 (報關/L/C信用狀/提單/海空運),【你會參與的工作】 1. 現場監督與確認：主要在客戶端工廠或倉儲進行海運／空運的貨櫃裝櫃、貨車裝車作業現場監督與檢查（須前往客戶端現場） 2. 內外溝通與文件取送：負責文件的取件與交付，依照廠商需求提供對內溝通聯繫。 3. 文書庶務協助：協
358,15043082,報關行與關務,業務助理,雷虎_雷虎科技股份有限公司,消費性電子產品製造業,西屯區,"月薪 32,000~38,000元",32000,https://www.104.com.tw/job/8yfbe,ERP / SAP 企業資源與進銷存系統,1. 訂單處理、樣品作業，帳務回收，協調相關事宜。 2. ERP系統資料維護。 3. 一般文書資料處理。 4. 提供出貨文件、控管出貨並處理進出貨事宜 5. 主管交辦之其他工作事項
359,13875964,報關行與關務,PCG240039-關務_關務資深管理師(台中),寶成工業股份有限公司,鞋類製造業,西屯區,待遇面議(經常性4萬以上),38000,https://www.104.com.tw/job/89erg,海外與跨境經貿 (跨境電商/海外市場/外銷) / 進出口關務與報關單據 (報關/L/C信用狀/提單/海空運) / 海外客戶開發與國際商展參展,1.船務、報關相關工作經驗 2.三角貿易帳務處理經驗 3.國際物流及國內物流規畫經驗 4.可配合海外出差
360,9533051,報關行與關務,國貿人員,嘉冠自行車股份有限公司,其他商品批發業,南屯區,"月薪 31,000~48,000元",31000,https://www.104.com.tw/job/5obqz,海外與跨境經貿 (跨境電商/海外市場/外銷),1.安排生產出貨。 2.與國外客戶接洽.相關年度訂單 3.應收帳款的處理 4.客訴處理
361,15291741,報關行與關務,國外業務人員,永祺車業股份有限公司,自行車及其零件製造業,太平區,"月薪 36,000~60,000元",36000,https://www.104.com.tw/job/93r6l,海外與跨境經貿 (跨境電商/海外市場/外銷) / 海外客戶開發與國際商展參展 / 商務談判、報價議價與合約簽訂,1. 拜訪客戶，介紹公司產品與服務。 2. 負責向客戶報價並確認訂單。 3. 維護既有客戶關係，開發新客戶。 4. 蒐集市場資訊及競爭對手動態。 5. 處理客戶報價、訂單及相關文件。 6. 追蹤交期及出貨狀況。 7. 負責客戶的往來溝通。 
362,13694213,報關行與關務,歐美OP,迅捷物流供應鏈股份有限公司,貨運承攬業,西屯區,"月薪 40,000~60,000元",40000,https://www.104.com.tw/job/85iit,進出口關務與報關單據 (報關/L/C信用狀/提單/海空運),1.負責出口通關之行政作業。 2.處理、審核出口報關之資料與文件。 3.處理出口押匯、信用狀以及保稅帳務相關之工作。
363,11559941,報關行與關務,國外部助理(台中),佳運國際航空貨運承攬有限公司,航空運輸輔助業,南屯區,"月薪 36,000~42,000元",36000,https://www.104.com.tw/job/6vrph,海外與跨境經貿 (跨境電商/海外市場/外銷) / 進出口關務與報關單據 (報關/L/C信用狀/提單/海空運) / 商務談判、報價議價與合約簽訂,開發國外市場，客戶詢價、報價。
364,14345838,報關行與關務,進出口人員(做五休二/須排休)-台中,特諾本科技有限公司,半導體製造業,西屯區,待遇面議(經常性4萬以上),38000,https://www.104.com.tw/job/8jhbi,海外與跨境經貿 (跨境電商/海外市場/外銷) / 進出口關務與報關單據 (報關/L/C信用狀/提單/海空運),"1. 進出口作業 理貨、叫件、報關及貨況追蹤 Import/export routine job, tally, arrange the pick-up, apply to customs and tracking the shipment"
365,14966264,報關行與關務,兼職客服人員~大台中,華美航運股份有限公司,儲配／運輸物流業,西屯區,月薪 196~196元,196,https://www.104.com.tw/job/8ws1k,電商平台營運 (蝦皮/Momo/PChome/Amazon/Alibaba) / 海外與跨境經貿 (跨境電商/海外市場/外銷) / 進出口關務與報關單據 (報關/L/C信用狀/提單/海空運),『華美航運』具45年最資深及專業的國際物流經驗。 為世界排名前五大國際快遞-日商OCS在台總代理。集團多元化經營國際快遞、空運、海運、報關...等提供一條龍式服務；也發展跨境物流與跨境電商等全球性市場服務。提供海內外客戶全方位物流服務新境界
366,15207861,報關行與關務,國貿助理(台中廠),全敏尖端材料科技股份有限公司,精密儀器相關製造業,大雅區,"月薪 32,000~38,000元",32000,https://www.104.com.tw/job/91ygl,進出口關務與報關單據 (報關/L/C信用狀/提單/海空運) / 商務談判、報價議價與合約簽訂,1. 確認訂單的產品規格。 2. 客戶報價並確認訂單。 3. 處理出貨報關文件作業。 4. 追蹤交期及出貨狀況。 5. 客戶與廠商之間的往來溝通。 6. 客戶資料、廠商資料及相關檔案文件的整理、建檔與維護。 7. 處理顧客的客訴。
367,13848355,報關行與關務,業務助理(業三部),宏全國際股份有限公司,塑膠製品製造業,西屯區,"月薪 32,000~35,000元",32000,https://www.104.com.tw/job/88tgj,海外與跨境經貿 (跨境電商/海外市場/外銷),1.外銷訂單及出貨(出口)作業 2.客戶應收帳款跟催及入帳 3.相關費用之月結及不定期請款作業 4.估算出口相關費用成本 5.協助主管工作交辦事項
368,14856016,報關行與關務,海運OP文件,宏拓環球集運有限公司,儲配／運輸物流業,西屯區,"月薪 35,000~50,000元",35000,https://www.104.com.tw/job/8uez4,進出口關務與報關單據 (報關/L/C信用狀/提單/海空運) / 商務談判、報價議價與合約簽訂,1.詢價、議價 2.海運進出口安排 3.貨物運輸安排和聯繫，進度追蹤 4.異常處理及問題排除 5.其他主管要求
369,14204143,報關行與關務,運輸倉儲課/調度助理,東益報關股份有限公司,報關業,梧棲區,"月薪 29,500~36,000元",29500,https://www.104.com.tw/job/8gfzj,進出口關務與報關單據 (報關/L/C信用狀/提單/海空運),保持良好互動 加分 : 會使用通關產業-大容系統， 待過報關、船務、拖車、倉儲相關產業或國貿相關科系。 必備 : 懂看S / O，熟悉進出口流程 。 調度助理在公司中扮演著重要的角色，負責處理客戶訂單、提供產品資訊、與客戶互動，是外部
370,9946079,報關行與關務,船務客服OP人員(台中),欣彰國際有限公司,貨運承攬業,豐原區,"月薪 29,500~65,000元",29500,https://www.104.com.tw/job/5x6fz,海外與跨境經貿 (跨境電商/海外市場/外銷) / 進出口關務與報關單據 (報關/L/C信用狀/提單/海空運),1.負責進出口各項運輸之行政作業，並匯整製作相關文件。 2.處理、審核進出口報關之資料與文件。 3.聯絡國外代理運輸安排與進度追蹤 4.負責應付帳款之請款工作，並處理業務部門訂單後續事宜。
371,6213304,報關行與關務,業務助理,美商瑞盟亞洲股份有限公司台灣分公司,育樂用品製造業,大甲區,"月薪 31,250~35,000元",31250,https://www.104.com.tw/job/3p67s,海外與跨境經貿 (跨境電商/海外市場/外銷) / 英語商務溝通 (精通/流利/信件/多益TOEIC),"1.從事商品或服務之國外銷售、國外訂單處理等工作。 2. 提供客戶服務工作及客戶關係之維護。 3. 訂單處理及追蹤 . 進出貨安排。 4.無經驗可 ,需具國貿相關科系或外語相關科系。 5.英文書信往來無虞。 6.其他主管交辦事項。"
372,12871294,報關行與關務,業務助理(台中),佳運國際航空貨運承攬有限公司,航空運輸輔助業,南屯區,"月薪 36,000~42,000元",36000,https://www.104.com.tw/job/7nvjy,進出口關務與報關單據 (報關/L/C信用狀/提單/海空運) / 商務談判、報價議價與合約簽訂,1.熟悉 海/空運 進/出⼝ 報關 及 三⾓貿易 業務流程。 2.協助業務詢價/報價、排解客⼾的進出⼝突發事件、維護客⼾關係。 3.處理主管交辦事項。
373,5238428,報關行與關務,台中市海空運文件人員,慶威集運有限公司,儲配／運輸物流業,西區,"月薪 29,500~50,000元",29500,https://www.104.com.tw/job/349zw,進出口關務與報關單據 (報關/L/C信用狀/提單/海空運) / 商務談判、報價議價與合約簽訂,(1)負責海運中‧港、台其他地區出口聯絡。 (2)提供業務海空運三角貿易船期安排， 報價與繕打相關文件。 (3)提供客戶相關業務咨詢服務。
374,14824204,報關行與關務,船舶專員 Marine Coordinator,屹海風電科技股份有限公司,海運,烏日區,待遇面議(經常性4萬以上),38000,https://www.104.com.tw/job/8tqfg,進出口關務與報關單據 (報關/L/C信用狀/提單/海空運),"This role serves as an on-site liaison, supporting both the Technical Manager and Operations Manager in coordinating fie"
375,4539274,報關行與關務,國際海運業務(台中),漢聯海運承攬運送有限公司,貨運承攬業,西區,"月薪 35,000~9,999,999元",35000,https://www.104.com.tw/job/2paiy,海外與跨境經貿 (跨境電商/海外市場/外銷) / 英語商務溝通 (精通/流利/信件/多益TOEIC) / 進出口關務與報關單據 (報關/L/C信用狀/提單/海空運) / 商務談判、報價議價與合約簽訂,1. 海運報價承攬進出口貨物業務。 2. 與國外代理英文書信溝通處理運輸業務事宜。
376,14579847,報關行與關務,潭子科技產業園區-多元業務助理,杰鑫國際物流股份有限公司,儲配／運輸物流業,潭子區,"月薪 30,000~34,000元",30000,https://www.104.com.tw/job/8ohvr,,1. 公司與客戶及供應商的聯繫協調，維護良好合作關係，負責訂單處理、維護。 2. 負責物流單據、庫存報告等相關文件與報表的繕打與檢查。 3. 辦理客戶應收與應付款項帳務 4. 協助一般行政事務，以及維護、更新及管理各類文件檔案及資料庫系統。
377,14856962,報關行與關務,進出口關務管理師(約聘),美律實業股份有限公司,消費性電子產品製造業,南屯區,待遇面議(經常性4萬以上),38000,https://www.104.com.tw/job/8ufpe,海外與跨境經貿 (跨境電商/海外市場/外銷) / 進出口關務與報關單據 (報關/L/C信用狀/提單/海空運),【本職位為一年期專案約聘職務】 1.處理進出口相關作業與流程 2.海外外包倉進出貨管理與相關文件製作 3.進出貨系統入庫、銷帳與帳款作業 4.帳務相關異常處理 5.進出貨報表統計與分析 6.台灣關務實務經驗
378,15232443,報關行與關務,台中現場關務人員,即時通國際物流有限公司,報關業,梧棲區,"月薪 32,000~50,000元",32000,https://www.104.com.tw/job/92hff,進出口關務與報關單據 (報關/L/C信用狀/提單/海空運),1.陪同海關查驗貨物 2.與團隊成員溝通並協助處理相關報關現場事務 3.協助整理與歸檔報關相關文件 4.追蹤每日作業進度，確保資料完整與作業時效 5.貨物分撥 6.其他主管交辦事項
379,14752120,報關行與關務,地磅發貨員,安順裝卸股份有限公司,倉儲業,龍井區,"月薪 29,500~31,000元",29500,https://www.104.com.tw/job/8s6t4,,(1) 車輛進出地磅過磅開單。 (2) 地磅室設備基本維護。 (3) 車輛資料建立及修改。 (4) 協同中控室操作員作業及維護。 (5) 每日車輛進出日報表統計。 (6) 協助計價噸數及費率計算確認。 (7) 負責電話接聽及事務聯絡。 (8
380,14860948,報關行與關務,客服人員~大台中,華美航運股份有限公司,儲配／運輸物流業,西屯區,"月薪 32,000~35,000元",32000,https://www.104.com.tw/job/8uis4,電商平台營運 (蝦皮/Momo/PChome/Amazon/Alibaba) / 海外與跨境經貿 (跨境電商/海外市場/外銷) / 進出口關務與報關單據 (報關/L/C信用狀/提單/海空運),『華美航運』具45年最資深及專業的國際物流經驗。 為世界排名前五大國際快遞-日商OCS在台總代理。集團多元化經營國際快遞、空運、海運、報關...等提供一條龍式服務；也發展跨境物流與跨境電商等全球性市場服務。提供海內外客戶全方位物流服務新境界
381,14590869,報關行與關務,國際物流進出口協調人員 Logistics Coordinator - 日班（台北居家遠端工作）,Wakool Transport_美商威酷國際運輸物流股份有限公司,儲配／運輸物流業,西屯區,"月薪 42,000~55,000元",42000,https://www.104.com.tw/job/8oqdx,英語商務溝通 (精通/流利/信件/多益TOEIC) / 進出口關務與報關單據 (報關/L/C信用狀/提單/海空運),上的物流行業工作經驗，例如貨代、清關、報關等經驗。 為了確保每位求職者符合招聘標準，我們要求所有求職者完成以下的能力評估測驗。請點擊以下連結，進入後填寫完整英文姓名以及EMAIL，並開始進行測驗。此測驗是用來評估求職者基本能力的必要步驟。完
382,15351377,報關行與關務,國貿人員,大甲佳旭生技股份有限公司,食品什貨批發業,大安區,"月薪 32,000~40,000元",32000,https://www.104.com.tw/job/95175,海外與跨境經貿 (跨境電商/海外市場/外銷) / 英語商務溝通 (精通/流利/信件/多益TOEIC) / 進出口關務與報關單據 (報關/L/C信用狀/提單/海空運) / 海外客戶開發與國際商展參展,1. 國外客戶開發(需熟悉英文商用英文書信撰寫) 2. 翻譯產品資料 3. 進出口貨物報關處理、瞭解進出口作業流程 4. 負責客戶資料、廠商資料及相關檔案文件的整理、建檔與維護。 5. 安排出貨，處理出貨報關文件作業。
383,12093664,報關行與關務,電聲產品SBU3-業務管理師(台中),美律實業股份有限公司,消費性電子產品製造業,南屯區,待遇面議(經常性4萬以上),38000,https://www.104.com.tw/job/777j4,,1. 對外負責訂單接單到出貨排程安排，與客戶定期溝通訂單/ 備料/ 出貨排程等協調業務。 2. 內需與物控/採購/生管密切溝通生產排程等產銷協調。 3. 確認客戶需求變化與料況產能。 4. 應收帳款控管。 5. 成品庫存控管。 6. 系統維
384,14429469,報關行與關務,Pricing and Bidding 人員 (台中梧棲),香港商邊行有限公司台灣分公司,海運,梧棲區,待遇面議(經常性4萬以上),38000,https://www.104.com.tw/job/8l9ul,英語商務溝通 (精通/流利/信件/多益TOEIC) / 進出口關務與報關單據 (報關/L/C信用狀/提單/海空運) / 商務談判、報價議價與合約簽訂,想加入台灣最具規模與潛力的基礎建設專案嗎？ 我們是一家支援離岸工程的船務代理公司，專案涵蓋離岸風電與海底管線鋪設工程，加入我們，與我們一起參與這個充滿挑戰與機會的行業！ 1. 與主要利害關係人建立並維持良好的關係，例如現有客戶、航運和空運承
385,15089925,報關行與關務,國貿人員(台中廠),全敏尖端材料科技股份有限公司,精密儀器相關製造業,大雅區,"月薪 32,000~38,000元",32000,https://www.104.com.tw/job/8zfgl,進出口關務與報關單據 (報關/L/C信用狀/提單/海空運) / 商務談判、報價議價與合約簽訂,1. 確認訂單的產品規格。 2. 客戶報價並確認訂單。 3. 處理出貨報關文件作業。 4. 追蹤交期及出貨狀況。 5. 客戶與廠商之間的往來溝通。 6. 客戶資料、廠商資料及相關檔案文件的整理、建檔與維護。 7. 處理顧客的客訴。
386,15170370,報關行與關務,{總公司職缺}國貿助理,T4清茶達人_晴天美食股份有限公司,其他餐飲業,豐原區,"月薪 32,000~35,000元",32000,https://www.104.com.tw/job/915j6,海外與跨境經貿 (跨境電商/海外市場/外銷) / 進出口關務與報關單據 (報關/L/C信用狀/提單/海空運) / ERP / SAP 企業資源與進銷存系統,1.維繫國外客戶，協助解決問題，應對進退合宜。 2.處理訂貨、出貨安排及出口相關作業。 3.有食品進出口相關經驗者佳。 4.需有團隊精神、細心、負責任、態度積極、獨立完成工作之能力。 5.完成主管機動性交辦事項及庶務性行政工作。 6.熟悉基
387,11954521,報關行與關務,船務報關人員,合景股份有限公司,鞋類／布類／服飾品批發業,西區,"月薪 33,000~42,000元",33000,https://www.104.com.tw/job/74861,進出口關務與報關單據 (報關/L/C信用狀/提單/海空運),1. 上貨代系統訂艙 2. 訂單相關業務貿易單據製作 3. 製作請款文件 4. 其它交辦業務
388,10176421,報關行與關務,國貿業務 薪42000~50000,益詮精密股份有限公司,其他金屬相關製造業,太平區,"月薪 42,000~50,000元",42000,https://www.104.com.tw/job/6246d,海外與跨境經貿 (跨境電商/海外市場/外銷) / 進出口關務與報關單據 (報關/L/C信用狀/提單/海空運),新客開發及業務通路拓展 產品銷售與客戶解說 客訴處理與客戶關係維護 客戶資料收集與管理 業績報表撰寫與目標達成 國外市場開發及國際貿易操作（包括進出口業務、報關、價格核算及貿易單據製作） 行政事務處理（追貨清單管理、EDM開發信撰寫及設計、
389,15393832,報關行與關務,【幸福啟航-台中】空運出口文件專員（無經驗可/專業培訓/完善績效獎金+升遷渠道),獅威航空貨運承攬股份有限公司,儲配／運輸物流業,南區,"月薪 35,000~9,999,999元",35000,https://www.104.com.tw/job/95xyg,進出口關務與報關單據 (報關/L/C信用狀/提單/海空運),【我們在找這樣的你】 你對國際貿易與物流供應鏈充滿好奇，想入行卻苦無實務經驗嗎？ 這是一個專為想打好「國貿與報關基本功」所設計的職位！在這裡，我們不只提供穩定的工作環境，更有完善的帶領機制，陪你從基礎文件到實務對接，一步步養成具備市場競爭力
390,11559895,報關行與關務,空、海運文件製單助理(台中市)★歡迎應屆畢業生&具經驗佳,佳運國際航空貨運承攬有限公司,航空運輸輔助業,南屯區,"月薪 33,000~38,000元",33000,https://www.104.com.tw/job/6vro7,進出口關務與報關單據 (報關/L/C信用狀/提單/海空運),1.與客戶聯繫出貨事宜。 2.安排空、海運報關文件操作。 3.主管交辦事項。
391,8287235,報關行與關務,國外業務助理,華偉實業股份有限公司,塑膠製品製造業,南屯區,待遇面議(經常性4萬以上),38000,https://www.104.com.tw/job/4xmgz,海外與跨境經貿 (跨境電商/海外市場/外銷),您是否是一個注重細節、熱衷於支援銷售團隊並確保客戶滿意度的人？我們正在尋找一位才華橫溢的銷售協調員加入我們的團隊，發揮關鍵作用，維護牢固的客戶關係。作為銷售協調員，您將與業務合作，協調銷售活動，並提供必要的行政支持。 作為銷售協調員，您將成
392,4957606,報關行與關務,國貿助理(烏日廠),全氟密封工業股份有限公司,塑膠製品製造業,烏日區,"月薪 35,000~40,000元",35000,https://www.104.com.tw/job/2y9ba,海外與跨境經貿 (跨境電商/海外市場/外銷) / 進出口關務與報關單據 (報關/L/C信用狀/提單/海空運) / ERP / SAP 企業資源與進銷存系統,1. 需有出口船務經驗，熟ERP操作佳 2. 處理國外訂單、出貨相關事宜
393,14528322,報關行與關務,海空運OP(台中，有同業經驗2年以上),鴻泰國際物流有限公司,儲配／運輸物流業,南屯區,"月薪 35,000~37,000元",35000,https://www.104.com.tw/job/8ne4i,進出口關務與報關單據 (報關/L/C信用狀/提單/海空運) / 商務談判、報價議價與合約簽訂,"1. 聯絡客戶、船公司、代理進行業務確認、排船、簽 S/O、文件檢查等聯絡事項。 2. 聯繫回覆客戶、代理相關業務郵件、聯絡, 安排進出口訂艙出貨事宜。 3. 提單帳單製作及應收、付款帳輸入系統及核對 、文件歸納、管理。 4. 貨物運送過程"
394,13756100,報關行與關務,國貿船務人員,玖昌實業有限公司,鞋類製造業,北區,"月薪 33,000~40,000元",33000,https://www.104.com.tw/job/86u9w,進出口關務與報關單據 (報關/L/C信用狀/提單/海空運) / ERP / SAP 企業資源與進銷存系統,1. 保持與客戶間之聯繫，回覆e-mail 2. 具有國貿經驗&熟悉進出口及三角貿易船務工作者尤佳。 3. 處理、審核出口資料與文件。 4. ERP出貨文件建立&系統維護。 5. 追蹤工廠提交出貨文件相關業務事宜。 6. 檔案文件製作與管理
395,15350094,報關行與關務,保稅管理師(梧棲中港園區),菱生精密工業股份有限公司,半導體製造業,梧棲區,"月薪 32,000~9,999,999元",32000,https://www.104.com.tw/job/9507i,進出口關務與報關單據 (報關/L/C信用狀/提單/海空運),1. 保稅相關作業 2. 進出口報關作業 3. 具保稅人員證照尤佳、無經驗可 4. 遠到者供宿
396,15328809,報關行與關務,{擴編} 倉儲管理 儲備人才,福綱興業股份有限公司,汽車及其零件製造業,烏日區,"月薪 32,000~9,999,999元",32000,https://www.104.com.tw/job/94js9,電商平台營運 (蝦皮/Momo/PChome/Amazon/Alibaba) / ERP / SAP 企業資源與進銷存系統,1. 進貨驗收、清點及入庫 2. 商品上架、整理及倉位管理 3. 撿貨、包裝及出貨作業 4. 製作裝箱單及出貨資料 5. 庫存管理及定期盤點 6. 倉庫環境整理與維護 7. 動線規劃及產品儲存規劃。 8. 呆滯料&報廢料管理。 9. 系統操
397,14092812,報關行與關務,船務(享年終分紅),程鼎實業股份有限公司,金屬家具及裝設品製造業,大雅區,待遇面議(經常性4萬以上),38000,https://www.104.com.tw/job/8e230,英語商務溝通 (精通/流利/信件/多益TOEIC) / 進出口關務與報關單據 (報關/L/C信用狀/提單/海空運),"1. 有進出口報關作業，製作報關文件經驗 2. 進行交期確認、排船、簽 S\O、文件檢查 3. 可英文書信往來,可獨立email與客人溝通船期相關事項 4. 其他船務工作相關事務 5. 完成主管交辦事項 6. 依實際經驗核薪資可面議"
398,14367074,報關行與關務,VBA/Excel 巨集開發與數據資料分析助理（熟 Python 優先）,捷盛報關股份有限公司,報關業,北區,"月薪 38,000~45,000元",38000,https://www.104.com.tw/job/8jxpe,進出口關務與報關單據 (報關/L/C信用狀/提單/海空運) / 商業數據分析與自動化 (Python/PowerBI/Excel樞紐),1.維護與優化公司既有 Python 系統。 2.維護 Excel VBA 巨集，並依業務需求進行 Python 與 Office 組件之跨語言整合。 3.建立與優化系統 Log 日誌分析及異常監控機制。 4.評估與導入合適之開源工具及技術
399,1039680,報關行與關務,中區海運承攬業務代表,沛華實業股份有限公司,貨運承攬業,西區,"月薪 40,000~50,000元",40000,https://www.104.com.tw/job/ma80,進出口關務與報關單據 (報關/L/C信用狀/提單/海空運),負責開發及招攬客戶、進出口貿易商貨物安排。 完全不懂航運？沒關係！我們擁有業界最知名、最扎實的員工教育訓練與新人培訓計畫。 由資深主管親自帶領，從零開始傳授專業物流知識與實戰銷售技巧，手把手將您培訓為「國際物流專家」！ 直接給您最實質的薪酬
400,13887393,報關行與關務,空海運業務專員(台中),佳運國際航空貨運承攬有限公司,航空運輸輔助業,南屯區,"月薪 36,000~45,000元",36000,https://www.104.com.tw/job/89nkx,進出口關務與報關單據 (報關/L/C信用狀/提單/海空運),1.開發客⼾，拓展市場，維繫即有客⼾並深耕擴⼤。 2.聯繫及追蹤客⼾出貨狀況與解決。 3.主管交辦事項。
401,13838725,電子商務,美編設計,CW手機配件_丞威資訊科技有限公司,電子通訊／電腦週邊零售業,西區,"月薪 34,000~9,999,999元",34000,https://www.104.com.tw/job/88m11,電商平台營運 (蝦皮/Momo/PChome/Amazon/Alibaba) / 數位行銷與流量廣告投放 (GA4/SEO/Meta/廣告),【公司環境】 ▶ CW每年度皆獲得蝦皮金選，保護貼銷量第一 粉絲數量135萬、累積超過450萬買家評價 品牌穩定、產品齊全，擁有大量會員 ▶ 工作環境良好、團隊氛圍佳，重視專業與互助 【工作內容】 ✅ 手機殼圖案創作設計 使用各種工具創作不
402,15378571,電子商務,行政總機,華旭先進股份有限公司,其他電子零組件相關業,西屯區,"月薪 31,000~40,000元",31000,https://www.104.com.tw/job/95m6j,,1. 接聽、過濾、轉接來電，提供資訊及留言服務 2. 負責訪客接待及通知 3. 協助收發信件包裏 4. 人事、總務庶務事項支援 5 .團膳相關事項管理 6. 零用金管理 7. 主管交辦事項
403,15393284,電子商務,電子商務人員,加樂實業有限公司,建材／傢俱批發業,西屯區,"月薪 30,000~60,000元",30000,https://www.104.com.tw/job/95xj8,電商平台營運 (蝦皮/Momo/PChome/Amazon/Alibaba) / 海外與跨境經貿 (跨境電商/海外市場/外銷) / 數位行銷與流量廣告投放 (GA4/SEO/Meta/廣告),電子商務專員｜一起拓展國際市場，成就精彩職涯！ 負責公司官網 SEO 優化與 Alibaba.com 國際站日常維護，包含關鍵字研究、產品內容上架與優化、網站內容更新、流量與成效分析，並持續提升官網自然搜尋排名、平台曝光及有效詢盤數。 主要
404,12171898,電子商務,電子商務客服人員,帝傑有限公司,網際網路相關業,大雅區,"月薪 30,000~36,000元",30000,https://www.104.com.tw/job/78vwa,ERP / SAP 企業資源與進銷存系統,我們公司主要是在經營電子商務家具產業 歡迎有熱忱、細心、肯打拼的人一起加入我們的團隊！ 工作內容： 1. 每日訂單處理，協助聯絡客人、追蹤目前訂單進度與聯絡配送車趟。 2. 網路平台後台系統操作。 3. 處理客服、客訴等案件
405,11915423,電子商務,(台中)客戶經理★前半年保障月入59000另有高傭金★B2B 新客開發/電商顧問,香港商阿里巴巴香港電子商務有限公司台灣分公司,網際網路相關業,南屯區,"月薪 57,143~142,857元",57143,https://www.104.com.tw/job/73dzz,電商平台營運 (蝦皮/Momo/PChome/Amazon/Alibaba),"數千家本土廠商在www.alibaba.com上深化數字化轉型；對內秉持""團隊合作""培養了專業的業務銷售及顧問服務團隊，並隨著市場需求擴大進行組織及人才的擴大投資。 如果你目前工作選擇考慮以下幾點，歡迎加入我們! ▽ 行業的未來：B2B電商"
406,15284599,電子商務,電子商務專員,3點1刻_石城實業股份有限公司,飲料製造業,西屯區,"月薪 33,000~9,999,999元",33000,https://www.104.com.tw/job/93lo7,電商平台營運 (蝦皮/Momo/PChome/Amazon/Alibaba) / 商業數據分析與自動化 (Python/PowerBI/Excel樞紐),1. 處理客戶訂單並追蹤客戶訂單相關事宜。 2. 資訊數據分析與活動內容分析。 3. 電子商務：蝦皮、MOMO、PCHome、郵政商城 4. 定期提供業務銷售狀況報表，以供業務人員或主管參考。 5. 協助業務人員處理銷售業務相關之公司內部行
407,10568628,電子商務,電子商務平台 /網路購物業務助理,小蔡電器_米米實業有限公司,電子通訊／電腦週邊批發業,北屯區,"月薪 29,500~40,000元",29500,https://www.104.com.tw/job/6ait0,電商平台營運 (蝦皮/Momo/PChome/Amazon/Alibaba) / 商務談判、報價議價與合約簽訂 / 數位行銷與流量廣告投放 (GA4/SEO/Meta/廣告),1.負責各大電子商務平台上架、產品活動策略操作，品牌促銷活動商談，操作活動資源整合與協商。 2.需基礎文書處理能力，平台撈單、KEY單、網路平台商品上下架、後台管理、客服處理。 3.協助主管進行公司內部行政事務。 4.具網路行銷能力、思考清
408,13523600,電子商務,電子商務企劃,台陞科技有限公司,綜合商品批發代理業,西區,"月薪 34,000~9,999,999元",34000,https://www.104.com.tw/job/81uvk,電商平台營運 (蝦皮/Momo/PChome/Amazon/Alibaba),經歷背景 -具備操作品牌電子商務官方網站或各大電商平台相關經驗及行銷活動企劃能力，工作經驗至少2年以上(具備消費性電子產品操作經驗者尤佳) 電商運營 -商品管理：負責電商平台商品上架整理、商品頁面素材製作/維護與優化、品牌信息/商品內容更新
409,13612725,電子商務,櫃台人員,嘉達電子商務,電子通訊／電腦週邊批發業,大雅區,"月薪 30,000~32,000元",30000,https://www.104.com.tw/job/83rn9,電商平台營運 (蝦皮/Momo/PChome/Amazon/Alibaba),1.負責銷售門市商品(含結帳)及商品上架(陳列)、退(換)貨等事宜。 2.提供顧客之接待與需求服務。 3.維持店內、外之清潔維護。 4.主管交代之事項。 門市店員是公司重要的一份子，有著良好的晉升管道與發展前景，也是公司擴展業務必不可少的人
410,14561384,電子商務,電子商務行銷專員,科典醫藥生技股份有限公司,化妝品製造業,北屯區,"月薪 38,000~50,000元",38000,https://www.104.com.tw/job/8o3mw,數位行銷與流量廣告投放 (GA4/SEO/Meta/廣告),2.熟悉SEO操作優化。 3.國際電子商務平台操作經驗及國際貿易洽談語文能力 【獎金制度】 部門設定年度業績目標及季度業績目標，達成目標設有季度獎金
411,14986738,電子商務,門市人員,新鈦電子商務有限公司,百貨相關業,大雅區,"月薪 35,000~37,000元",35000,https://www.104.com.tw/job/8x7ua,,1.負責介紹門市商品。 2.商品進貨清點、銷售管理及庫存管理。 3.門市促銷活動佈置。 4.官網維護及簡單文書處理。 5.維持門市整潔及主管交辦事項。
412,14789655,電子商務,電子商務專員/主管 （北屯）,臺久企業股份有限公司,其他化學相關製造業,北屯區,"月薪 35,000~60,000元",35000,https://www.104.com.tw/job/8szrr,電商平台營運 (蝦皮/Momo/PChome/Amazon/Alibaba) / 數位行銷與流量廣告投放 (GA4/SEO/Meta/廣告),"0.蝦皮、momo、PChome商店街操作營運 1.網路行銷(網站規劃、SEO、 部落格行銷、 GA) 2.社群行銷(FB粉絲團經營、IG, LINE@) 3.數位廣告(關鍵字廣告、FB廣告、多媒體聯播網) 4.線上線下整合行銷(品牌推廣、"
413,11981666,電子商務,電子商務-營運助理,PORTER INTERNATIONAL_尚立國際股份有限公司,百貨相關業,大雅區,"月薪 33,000~35,000元",33000,https://www.104.com.tw/job/74t42,電商平台營運 (蝦皮/Momo/PChome/Amazon/Alibaba) / 海外與跨境經貿 (跨境電商/海外市場/外銷),1. 通路訂單處理、簡易客服回覆及退換貨作業。 2. 商品尺寸測量，提供出貨包裝所需資訊。 3. 賣場上架內容整理與素材管理（含定期更新）。 4. 可售量／補貨與庫存相關資料整理與校對。 5. DHL 相關作業（跨境出貨文件處理與對帳等）。
414,15374320,電子商務,(台中) 電話銷售專員 (阿里正職崗),香港商阿里巴巴香港電子商務有限公司台灣分公司,網際網路相關業,南屯區,"月薪 50,000~92,857元",50000,https://www.104.com.tw/job/95iwg,電商平台營運 (蝦皮/Momo/PChome/Amazon/Alibaba) / 海外與跨境經貿 (跨境電商/海外市場/外銷),【工作內容】 這份工作是阿里巴巴國際站業務團隊的前哨開發角色，面向台灣優質出口商家，透過電話開發與篩選潛在客戶，協助客戶經理精準對接有跨境電商需求的廠商，共同推動台灣企業走向國際市場。 自 2008 年阿里巴巴進入台灣市場，我們秉持「客戶第
415,11343445,電子商務,電子商務專員,王碁企業股份有限公司,文教／育樂用品零售業,大里區,"月薪 30,000~40,000元",30000,https://www.104.com.tw/job/6r4np,電商平台營運 (蝦皮/Momo/PChome/Amazon/Alibaba) / 數位行銷與流量廣告投放 (GA4/SEO/Meta/廣告),【工作內容】 1. 產品上下架規劃管理與執行 2. 訂單管理: 進出貨與庫存管控 3. 各大電商電商後台操作與管理(MOMO/PCHOME/蝦皮/露天) 4. 美工優化產品頁面 5. 擅長文案，賦予產品個性 6. 電商銷售分析，市場情資收集
416,14459571,電子商務,電商營運專員,大甲佳旭生技股份有限公司,食品什貨批發業,大安區,"月薪 30,000~9,999,999元",30000,https://www.104.com.tw/job/8lx2r,電商平台營運 (蝦皮/Momo/PChome/Amazon/Alibaba),1. 熟悉各電子商務購物平台 : 官方購物平台、蝦皮、momo 、PChome 等電商營運、企劃並執行，提升業績 2. 定期追蹤網站數據與分析檢討活動成效，配合達成部門業績目標 3. 每月電商平台的商品活動規劃與執行、績效分析與改善 4.
417,13145417,電子商務,【電子商務行銷專員｜LINE社群蔬果銷售】,友祝農產有限公司,農／畜／水產品批發業,大雅區,"月薪 32,000~45,000元",32000,https://www.104.com.tw/job/7tr2h,數位行銷與流量廣告投放 (GA4/SEO/Meta/廣告),每天都在吃美食、分享美食，還能把熱愛變成收入！ 你是不是看到好吃的水果，就會忍不住想推薦給朋友？ 喜歡逛市場、研究美食、分享心得，甚至享受成交後的成就感？ 如果是，那你很適合加入我們！ 【你的工作內容】 每日規劃 LINE 社群開團，推廣新
418,12896529,電子商務,【味丹生技】電子商務專員(沙鹿),味丹企業股份有限公司,食品什貨零售業,沙鹿區,"月薪 30,000~40,000元",30000,https://www.104.com.tw/job/7of0x,電商平台營運 (蝦皮/Momo/PChome/Amazon/Alibaba) / 數位行銷與流量廣告投放 (GA4/SEO/Meta/廣告) / 商業數據分析與自動化 (Python/PowerBI/Excel樞紐),1.活動企劃能力：每月規劃並執行官網及EC平台的檔期活動，包括活動主軸、波段操作、活動組合及成效預估。 2.數據分析及數位行銷：熟悉電商營運架構，具備數據分析能力，能迅速應對數位行銷的變動。 3.內容行銷：擅長製作引流內容，能即時關注消費者
419,15369166,電子商務,電子商務專員(總公司),崴達貿易有限公司,鞋類／布類／服飾品零售業,潭子區,"月薪 35,000~45,000元",35000,https://www.104.com.tw/job/95exa,電商平台營運 (蝦皮/Momo/PChome/Amazon/Alibaba),EDM 等再行銷工具，提升回購率。 5、協助電商平台訂單、庫存、出退貨及活動管理。 6、與行銷、設計、客服及倉儲協作，確保營運流程順暢。 7、觀察市場及競品動態，持續提升官網營收與轉換成效。 你將實際參與品牌官網、商品上市、活動企劃、會員經
420,13449284,電子商務,國內業務專員 (電子商務、經銷商),3點1刻_石城實業股份有限公司,飲料製造業,西屯區,"月薪 33,000~9,999,999元",33000,https://www.104.com.tw/job/809j8,電商平台營運 (蝦皮/Momo/PChome/Amazon/Alibaba) / 商業數據分析與自動化 (Python/PowerBI/Excel樞紐),1. 處理客戶訂單並追蹤客戶訂單相關事宜。 2. 資訊數據分析與活動內容分析。 3. 電子商務：蝦皮、MOMO、PCHome、郵政商城 4. 定期提供業務銷售狀況報表，以供業務人員或主管參考。 5. 協助業務人員處理銷售業務相關之公司內部行
421,15202296,電子商務,【電子商務】【供餐】電商平台營運專員,毛班長有限公司,其他零售業,南屯區,"月薪 35,000~45,000元",35000,https://www.104.com.tw/job/91u60,電商平台營運 (蝦皮/Momo/PChome/Amazon/Alibaba),｜工作內容｜ ⭕️ 負責MOMO、酷澎、自有官網等經營，具實務經驗佳 1.經營主流電商平台（momo、官網），負責商品上架與活動規劃。 2.主動與平台 PM 溝通，爭取資源與曝光，提高銷售成效。 3.處理客服與顧客問題，提升轉換率與回購率。
422,11823373,電子商務,倉庫管理兼物流(無經驗可)可挑戰高薪,帝傑有限公司,網際網路相關業,大雅區,"月薪 30,000~60,000元",30000,https://www.104.com.tw/job/71ez1,,倉庫管理 理貨人員 協助配送家具 無經驗的話會有培訓期! 發展遠景：在公司電子商務快速成長的情況下 希望您可以一起加入我們
423,15347421,電子商務,富聖-電子商務營運企劃專員,富國興業股份有限公司,其他相關製造業,神岡區,待遇面議(經常性4萬以上),38000,https://www.104.com.tw/job/94y59,電商平台營運 (蝦皮/Momo/PChome/Amazon/Alibaba),1.電商通路營運與管理： 負責官方購物網站及各大電商通路平台（如蝦皮、momo、PChome 等）之日常營運、商品上架、庫存監控、頁面排版與活動設定。 2.電商行銷活動企劃與執行： 規劃並執行品牌線上促銷活動、檔期優惠（如雙11、年中慶等）
424,13633322,電子商務,【電子商務/網拍】客服專員 (月薪3.3萬起),王將企業有限公司,鞋類／布類／服飾品零售業,神岡區,"月薪 33,000~35,000元",33000,https://www.104.com.tw/job/847je,商業數據分析與自動化 (Python/PowerBI/Excel樞紐),【工作內容】 - 協助顧客處理訂單相關諮詢及退換貨處理 - 平台訂單開立印單 - 持續追蹤客戶訂單狀況 - 協助包裝人員處理退換貨包裹 - 完成主管交辦工作 【應徵條件】 熟悉Excel與Word操作 【工作時間】 上班時間：週一～周五上班
425,12389922,電子商務,【電子商務】【兼職】商品包裝、理貨、出貨人員 【排班制】,毛班長有限公司,其他零售業,神岡區,"月薪 200~9,999,999元",200,https://www.104.com.tw/job/7dk4i,,不需寒暑假短期工讀，寒暑假短期請勿浪費彼此時間 若排到周六上班，週六時薪為230/h 薪資福利: 1、時薪皆優於勞基法 2、有勞健保 3、獎金 基本工作內容： 1、 訂單撿貨、包貨、出貨 2、退貨商品整理、歸位 3、商品整理與庫存商品管理及
426,15354310,電子商務,【電子商務/網拍】美編人員,王將企業有限公司,鞋類／布類／服飾品零售業,神岡區,"月薪 31,000~36,000元",31000,https://www.104.com.tw/job/953gm,電商平台營運 (蝦皮/Momo/PChome/Amazon/Alibaba),【工作內容】 - 蝦皮賣場商品圖片製作、修圖及商品上架。 - 商品頁圖片設計、排版及視覺優化。 - 蝦皮活動 Banner、促銷圖及電商行銷素材製作。 - 使用 Photoshop、Illustrator、AI 等工具進行圖片及視覺素材製作
427,14977461,電子商務,網拍客服小幫手,新鈦電子商務有限公司,百貨相關業,大雅區,"月薪 32,000~35,000元",32000,https://www.104.com.tw/job/8x0ol,電商平台營運 (蝦皮/Momo/PChome/Amazon/Alibaba),1. 文字客服回覆(各電商平台/社群/LINE官方帳號)。 2. 接聽公司電話。 3. 協助出貨排單、支援包貨。 4. 協助網路平台商品上架。 5. 主管交辦事項。 ※需有高EQ及協調能力。
428,15049172,電子商務,77歐尼 社群小編／客服美編,朋藝電子商務有限公司,廣告行銷公關業,北屯區,"月薪 35,000~38,000元",35000,https://www.104.com.tw/job/8yk0k,電商平台營運 (蝦皮/Momo/PChome/Amazon/Alibaba),美編或社群小編經驗 有基本設計能力（Canva / Photoshop 任一） 有美感、版面感、懂IG風格 有客服或社群互動經驗 有耐心、細心、情緒穩定 加分條件： ＋ 熟悉母嬰、美妝、保養產品 ＋ 有做過團購或電商社群 ＋ 會做簡單短影音
429,7306468,電子商務,電子商務專員/主管,臺久企業股份有限公司,其他化學相關製造業,大安區,"月薪 35,000~60,000元",35000,https://www.104.com.tw/job/4clpg,電商平台營運 (蝦皮/Momo/PChome/Amazon/Alibaba),★ 為什麼選擇「臺久企業」？ 我們是一家在傳統實體渠道根基深厚、正全面迎向數位轉型與品牌升級的企業！ 在這裡，我們提供的是一個「有預算、有成熟產品、有發揮空間」的電商舞台。 無論你是擅長平台廝殺的操盤手，還是精通流量密碼的行銷達人，只要你有
430,12171947,電子商務,行政人員,帝傑有限公司,網際網路相關業,大雅區,"月薪 30,000~40,000元",30000,https://www.104.com.tw/job/78vxn,,我們公司主要是在經營電子商務家具產業 歡迎有熱忱、細心、肯打拼的人一起加入我們的團隊！ 工作內容： 1.協助主管處理相關事務。 2.主動積極、有效率、細心負責、配合度高且重視團隊精神。 3.協助會計發票整理存檔、報帳憑證審核、開立發票等
431,12757892,電子商務,Wagon 品牌整合行銷顧問｜SEO Growth Specialist (Wagon 瓦根電商學院-台中),哇寶國際資訊股份有限公司,網際網路相關業,北區,"月薪 40,000~9,999,999元",40000,https://www.104.com.tw/job/7lg1w,電商平台營運 (蝦皮/Momo/PChome/Amazon/Alibaba) / 數位行銷與流量廣告投放 (GA4/SEO/Meta/廣告) / 商業數據分析與自動化 (Python/PowerBI/Excel樞紐),Wagon 瓦根電商學院正在尋找「品牌整合行銷顧問｜SEO Growth Specialist」。 這個職位會參與品牌整合行銷專案，協助中小企業與電商品牌進行行銷診斷、SEO 策略、內容規劃、網站優化、數據分析與專案管理。 Wagon 的服
432,14921734,電子商務,【瑞祥水果_整合行銷部】資深數位行銷企劃,新亞洲國際實業股份有限公司,其他零售業,西區,"月薪 48,000~100,000元",48000,https://www.104.com.tw/job/8vtom,電商平台營運 (蝦皮/Momo/PChome/Amazon/Alibaba) / 數位行銷與流量廣告投放 (GA4/SEO/Meta/廣告),業敏銳度】 具備生鮮電商、高端零售或 O2O (線上引流實體) 相關行銷與投放經驗者為極大加分項。 【整合能力】 擁有極佳的溝通協調能力，懂得知己知彼，能清楚向設計端下達素材 Briefing。 【實質福利與企業文化：沒有資歷，只有實力】 
433,13289947,電子商務,台積電駐廠儀控課助理工程師(無經驗可)-台中,河筧工程有限公司,空調水機電工程業,西屯區,"月薪 37,000~42,000元",37000,https://www.104.com.tw/job/7wul7,商業數據分析與自動化 (Python/PowerBI/Excel樞紐),"1.電腦Office文書軟體、基礎網路管理 2.熟悉電子學基礎認知 3.熟悉網頁開發C# HTML , MS SQL資料庫維護處理。 4.文書處理。 5.完成主管交辦事務。 (相關資訊或資工科系為佳，無經驗可) ※因在台積電廠內工作，故無法"
434,15382439,電子商務,SRE系統可靠性工程師,微程式資訊股份有限公司,電腦系統整合服務業,西屯區,待遇面議(經常性4萬以上),38000,https://www.104.com.tw/job/95p5z,生成式 AI 與智慧工具 (ChatGPT/Prompt/Copilot/AI) / 商業數據分析與自動化 (Python/PowerBI/Excel樞紐),▍職務介紹 我們正在招募一位 Junior SRE 系統可靠性工程師，加入微程式的系統維運團隊，一起守護產品服務的穩定運作，並持續提升系統可靠性與維運效率。 這個角色將從 Linux 維運、雲端平台操作、CI/CD 自動化、監控告警與問題排
435,15257446,電子商務,【電子商務】【固定周六班】商品包裝、理貨、出貨人員,毛班長有限公司,其他零售業,神岡區,月薪 230~230元,230,https://www.104.com.tw/job/930py,,薪資福利: 1、時薪皆優於勞基法 2、有勞健保 基本工作內容： 1、 訂單撿貨、包貨、出貨 2、退貨商品整理、歸位 3、商品整理與庫存商品管理及盤點 4、商品進貨清點/檢查 注意事項: 此工作非輕鬆吹冷氣工作，請公主、王子另尋頭路。 1、工
436,10446876,電子商務,ecommerce 美國電商營運人員,法特科技有限公司,綜合商品批發代理業,西屯區,待遇面議(經常性4萬以上),38000,https://www.104.com.tw/job/67wv0,電商平台營運 (蝦皮/Momo/PChome/Amazon/Alibaba),工作內容 1. 負責美國電商平台之品牌營運與管理，提升品牌知名度，並協助達成公司銷售與營運目標。 2. 規劃並執行品牌行銷策略，確保品牌形象、產品定位及市場溝通方向一致。 3. 優化電商平台產品頁面，包括 A+ Content、Brand
437,10880150,電子商務,［台中］WACA 開店顧問 / SaaS 業務顧問 Sales｜固定薪＋績效獎金,哇寶國際資訊股份有限公司,網際網路相關業,北區,"月薪 35,000~100,000元",35000,https://www.104.com.tw/job/6h76e,電商平台營運 (蝦皮/Momo/PChome/Amazon/Alibaba),WACA 電商服務事業群－台中開店顧問 這不只是一般業務職缺，而是一個結合 SaaS 銷售、電商顧問、AI 協作、品牌數位轉型 的業務角色。 你會協助中小品牌、零售業、實體店家與創業者，從「想開店、正在找系統、想提升線上營收」的階段，理解
438,12620100,電子商務,電商倉儲物流司機(撿貨／包裝／出貨),台米大數據有限公司,鞋類／布類／服飾品零售業,大雅區,"月薪 35,000~40,000元",35000,https://www.104.com.tw/job/7ihqc,電商平台營運 (蝦皮/Momo/PChome/Amazon/Alibaba),【工作說明】 1. 負責每日電商訂單處理、商品打包與出貨作業 2. 進貨驗收、庫存清點、商品上架與整理 3. 作業區環境維護與整潔管理 4. 無相關經驗可，提供簡單上手的工作流程 【需具備的態度及能力】 1.團隊合作 2.快速
439,15256795,電子商務,電商網拍包貨員 包貨理貨出貨員 包裝員2,台米大數據有限公司,鞋類／布類／服飾品零售業,大雅區,"月薪 33,000~44,000元",33000,https://www.104.com.tw/job/9307v,電商平台營運 (蝦皮/Momo/PChome/Amazon/Alibaba),1. 負責每日電商訂單處理、商品打包與出貨作業 2. 進貨驗收、庫存清點、商品上架與整理 3. 作業區環境維護與整潔管理 4. 無相關經驗可，提供簡單上手的工作流程
440,14180997,電子商務,77歐尼 短影音剪輯師,朋藝電子商務有限公司,廣告行銷公關業,北屯區,"月薪 35,000~50,000元",35000,https://www.104.com.tw/job/8fy4l,數位行銷與流量廣告投放 (GA4/SEO/Meta/廣告),77歐尼工作室 短影音行銷 短影音影片剪輯 工作內容: 1.短影音剪輯、後製與製作 2.毛片重點擷取、影片整體氛圍感營造 4.影片檔案管理 5.接受調度時而居家辦公 需求條件: 1.具備一定的剪輯，策劃，組織文案，組織協調能力，熟悉短影音，
441,13857364,電子商務,Wagon 品牌整合行銷顧問 Brand Growth Consultant (Wagon 瓦根電商學院-台中),哇寶國際資訊股份有限公司,網際網路相關業,北區,待遇面議(經常性4萬以上),38000,https://www.104.com.tw/job/890es,電商平台營運 (蝦皮/Momo/PChome/Amazon/Alibaba) / 數位行銷與流量廣告投放 (GA4/SEO/Meta/廣告) / 商業數據分析與自動化 (Python/PowerBI/Excel樞紐),/ 成效指標 / KPI 結構） ．與內部顧問團隊、外部合作夥伴共同推動品牌專案 ．成為品牌在成長路上的顧問角色，而非單點執行者 我們希望你具備： ．具備品牌、行銷、電商或數位成長相關經驗 ．熟悉 SEO、內容行銷或數據分析基本邏輯 ．願意
442,12539042,電子商務,(短期)商品理貨包裝工讀生,roshop_歐森電子商務有限公司,鞋類／布類／服飾品零售業,西屯區,月薪 196~200元,196,https://www.104.com.tw/job/7gr6q,,【工作內容】 1.商品盤點、歸入庫存、貨架整理 2.商品檢查、整燙包裝 3.訂單揀貨、出貨 4.需搬重物，物品皆為衣物 5.配合正職人員交辦事項
443,15018549,電子商務,BD商務開發專員 (Wagon 瓦根電商學院-台中),哇寶國際資訊股份有限公司,網際網路相關業,北區,"月薪 40,000~9,999,999元",40000,https://www.104.com.tw/job/8xwdx,電商平台營運 (蝦皮/Momo/PChome/Amazon/Alibaba) / 數位行銷與流量廣告投放 (GA4/SEO/Meta/廣告),【職務說明｜這個角色在做什麼？】 Wagon 是以「品牌成長」為核心的數位行銷整合團隊。 我們透過 異業合作、生態圈夥伴與商務整合，協助品牌快速導入合適資源，創造實際商業成效。 WACA 電商開店平台，拓展渠道商與合作夥伴，尋找適合推動 S
444,14348711,電子商務,跨境電商運營專員/營運專員/業務助理/電商行銷專員/行銷營運專員/電子商務網站開發 Amazon/eBay/Shopify,邑方醫療器材企業社,其他醫療保健服務業,東區,"月薪 29,500~9,999,999元",29500,https://www.104.com.tw/job/8jjjb,電商平台營運 (蝦皮/Momo/PChome/Amazon/Alibaba) / 海外與跨境經貿 (跨境電商/海外市場/外銷),1.鑽研Shopify平台基礎設定，承接公司業務需求(客服、財務、物流、行銷等)，設定Shopify電商平台，使公司業務運作流暢 2.對接Shopify平台第三方開發者以及客服，配合公司業務篩選適合的第三方app，達成業務目標 3.了解目標
445,13806137,電子商務,業務助理-總廠,百容電子股份有限公司,其他電子零組件相關業,南屯區,"月薪 30,000~40,000元",30000,https://www.104.com.tw/job/87wvt,商務談判、報價議價與合約簽訂,1. 銷售業務：客戶需求事項處理(報價、送樣、接單、產品包裝及出貨) 2. 採購驗收：產品外觀、尺寸、數量等項目檢驗，採購驗收及應付貨款彙整 3. ISO 9001品質管理系統執行 4.主管交辦事項
446,15370922,電子商務,【台達電子-原住民徵才專區】人資學習發展契約助理(中科),台達電子工業股份有限公司 _DELTA ELECTRONICS INC.,其他電子零組件相關業,西屯區,"月薪 32,000~9,999,999元",32000,https://www.104.com.tw/job/95ga2,,•周一到週五，08:30-17:30，中午休息1小時 • 本職缺為原住民投遞專區，非原住民身份請優先投遞其他職缺。 ◎工作內容： 1. 協助訓練教室管理 2. 協助新進人員報到相關作業 (含新人訓等) 3. 協助訓練課程推動與執行 (課程行
447,15263400,電子商務,電商網拍包貨員 包貨理貨出貨員 包裝員,台米大數據有限公司,鞋類／布類／服飾品零售業,大雅區,"月薪 31,000~33,000元",31000,https://www.104.com.tw/job/935bc,電商平台營運 (蝦皮/Momo/PChome/Amazon/Alibaba),【工作說明】 1. 負責每日電商訂單處理、商品打包與出貨作業 2. 進貨驗收、庫存清點、商品上架與整理 3. 作業區環境維護與整潔管理 4. 無相關經驗可，提供簡單上手的工作流程 【需具備的態度及能力】 1.團隊合作 2.快速
448,13622644,電子商務,台中逢甲－門市正職人員,roshop_歐森電子商務有限公司,鞋類／布類／服飾品零售業,西屯區,"月薪 31,000~40,000元",31000,https://www.104.com.tw/job/83zas,,【工作內容】 1.對穿搭要有基本的美感，積極服務顧客提供商品銷售及介紹 2.協助門市商品陳列、商整、出貨、庫存盤點、整潔維護清掃 3.偶爾需要門市直播分享穿搭，有經驗者加分 4.提供顧客之接待與需求服務（如：電話諮詢、調貨、修改、包裝及退換
449,13803654,電子商務,[台中] Amazon Sales Operations Specialist 亞馬遜電商營運專員,法特科技有限公司,綜合商品批發代理業,西屯區,待遇面議(經常性4萬以上),38000,https://www.104.com.tw/job/87uyu,電商平台營運 (蝦皮/Momo/PChome/Amazon/Alibaba),工作職責： 1. 負責電商平台的產品內容優化，分析及挖掘消費者需求，協助達成銷售目標。 2. 負責產品競價分析，提供有效的價格建議，協助優化產品類目以及提升銷售表現。 3. 完成產品發佈(Product Launch) 和促銷計畫 (Dea
450,15174614,電子商務,國貿助理,擎宏電子企業有限公司,消費性電子產品製造業,北屯區,"月薪 35,000~40,000元",35000,https://www.104.com.tw/job/918t2,商務談判、報價議價與合約簽訂,1.處理客戶詢價、訂單、出貨、日常業務聯繫等事宜。 2.協助產品報價訂單資料。 3.追蹤交期安排出貨。 4.協助客戶往來溝通。 5.處理主管交辦事項。
451,15177924,電子商務,國際業務助理,擎宏電子企業有限公司,消費性電子產品製造業,北屯區,"月薪 35,000~40,000元",35000,https://www.104.com.tw/job/91bd0,進出口關務與報關單據 (報關/L/C信用狀/提單/海空運) / 商務談判、報價議價與合約簽訂 / ERP / SAP 企業資源與進銷存系統,1. 協助處理進出口貿易流程，含報價、下單、出貨、物流與文件歸檔 2. 依據合約與客戶要求製作、審核出入口文件（發票、裝箱單、產地證明、保險等） 3. 追蹤訂單進度與交期，主動與供應商、客戶溝通 4. 進行ERP資料建檔、維護資料正確性 5
452,13502687,電子商務,電商營運主管,日機股份有限公司,照明設備製造業,西屯區,"月薪 55,000~65,000元",55000,https://www.104.com.tw/job/81eqn,電商平台營運 (蝦皮/Momo/PChome/Amazon/Alibaba) / 海外與跨境經貿 (跨境電商/海外市場/外銷) / 數位行銷與流量廣告投放 (GA4/SEO/Meta/廣告),擬定具體執行方案。 2.品牌電商/會員行銷/大型電子商務平台，合作通路建置開發與營運管理。跨境電商經營 。 3.網路行銷策略擬定、執行與成效分析調整。 4.行銷活動排程，規劃商品活動設計與發想。 5.負責行銷企劃案的規劃，籌備與執行公司內外
453,15372835,電子商務,倉管人員,台灣航空電子股份有限公司,其他電子零組件相關業,西屯區,"月薪 32,000~35,000元",32000,https://www.104.com.tw/job/95hr7,,1.生產工單備料、安排出貨作業及出貨。 2.因倉庫工作需要搬運重物。
454,12652214,電子商務,【擴廠急徵】國貿外銷業務/船務助理 / (內勤・享完整培訓),與日電子有限公司,其他電子零組件相關業,西屯區,"月薪 33,000~40,000元",33000,https://www.104.com.tw/job/7j6ie,海外與跨境經貿 (跨境電商/海外市場/外銷) / 進出口關務與報關單據 (報關/L/C信用狀/提單/海空運),【因應 2026 國際訂單大豐收、新廠擴大落成，與日電子誠徵核心內勤夥伴！】 這不只是一份單純輸入資料的助理工作。在與日，你將成為國外業務團隊的「最強後盾」與「商務專案推手」。我們擁有完整的培訓體系，帶領你從零認識全球汽車售後市場（AM）的
455,12309467,電子商務,品保工程師 (具日文能力尤佳),台灣航空電子股份有限公司,其他電子零組件相關業,南屯區,"月薪 32,000~38,000元",32000,https://www.104.com.tw/job/7bu1n,第二外語能力 (日文/越語/西語/德語),1. 品質管控、不良分析改善 2. 內外部品質稽核 3. 協助主管交辦事項
456,6982295,電子商務,生管工程師/助理工程師 -總廠,百容電子股份有限公司,其他電子零組件相關業,南屯區,"月薪 35,000~43,000元",35000,https://www.104.com.tw/job/45nkn,,1.未結訂單管理與交期回覆 2.生產排程與進度追蹤，確保訂單達成率 3.料況追蹤與異常處理 4.工單跟催 5.主管交辦之事項
457,12312623,電子商務,品保檢查員 (三廠),台灣航空電子股份有限公司,其他電子零組件相關業,西屯區,"月薪 29,500~32,000元",29500,https://www.104.com.tw/job/7bwhb,,1. 產品外觀檢查、量測。 2. 報表整理 3. 視力良好。 4. 可配合工作狀況輪早、中班，加班者佳。 (初期教育訓練約三個月後，即進入中班時段作業)
458,14788715,電子商務,【迪卡儂電子商務部】蝦皮通路營運專員 External Marketplace Shopee_E-Category Specialist,Decathlon Taiwan_台灣迪卡儂有限公司,文教／育樂用品零售業,南屯區,"月薪 42,000~9,999,999元",42000,https://www.104.com.tw/job/8sz1n,電商平台營運 (蝦皮/Momo/PChome/Amazon/Alibaba) / 商業數據分析與自動化 (Python/PowerBI/Excel樞紐),【職務敘述】 你將負責迪卡儂蝦皮商城旗艦店營運，包含分析運動使用者輪廓、收集並分析客戶反饋、使用者體驗、商品銷售趨勢與市場需求，訂定產品線的數位商業策略。透過商品陳列與執行策略，並與跨部門溝通，達成業績目標、提升轉換率和顧客滿意度，擴大運動
459,15269656,電子商務,【研發部】電源研發工程師(台中),幸康電子股份有限公司,其他電子零組件相關業,西屯區,待遇面議(經常性4萬以上),38000,https://www.104.com.tw/job/93a54,,1. AC/DC或DC/DC產品研發設計與測試 2. 產品安規相關申請、測試報告撰寫與維護 3. 客戶技術問題解決與服務 4. PCB Layout及線路圖繪製 5. 舊機種產品維護及異常分析處理 ✷幸康提供專屬新進同仁「Fun電假｣，到職
460,3319839,電子商務,自動化設備研發工程師/助理工程師 -總廠,百容電子股份有限公司,其他電子零組件相關業,南屯區,"月薪 36,000~55,000元",36000,https://www.104.com.tw/job/1z5lr,,"1. 工業4.0自動線生產及智慧製造。 2. 自動化設備機電整合系統規劃。 3. 機構元件及手臂選用與機台設計,機台調校與參數設定。 4. 繪圖程式設計及實務設計經驗及動態機構設計、機械相關。 5. 專案執行及管理。 6.主管交辦之事項"
461,13659795,電子商務,電商專員,今口香調理食品股份有限公司-總公司,其他食品製造業,太平區,"月薪 36,000~50,000元",36000,https://www.104.com.tw/job/84ryr,電商平台營運 (蝦皮/Momo/PChome/Amazon/Alibaba) / 數位行銷與流量廣告投放 (GA4/SEO/Meta/廣告),拓展公司業務，電商運營是我們線上門面，能夠透過線上工具與行銷團隊密切合作，我們期待你了解冷凍食品產業操作，共同達成公司營運目標。 工作內容： 1.負責網站營運與維護 （包含商品上下架、文案撰寫能力、商品及庫存管理） 2.電商行銷活動內容發想
462,13832244,電子商務,【JC科技】網路/社群行銷專員,鉅誠實業有限公司,電子通訊／電腦週邊零售業,西區,"月薪 35,000~45,000元",35000,https://www.104.com.tw/job/88h10,數位行銷與流量廣告投放 (GA4/SEO/Meta/廣告),6.擅長網路文字表達與溝通。 7.經營Facebook粉絲團、Instagram、LINE@、Youtube。 每週討論貼文主題與方向，以時事流行梗創造話題。 8.熟悉社群網站、網路平台、粉絲團經營等行銷操作。 9.負責電子報、EDM及各種
463,15255129,電子商務,行銷助理,益豐國際股份有限公司,其他零售業,西屯區,"月薪 33,000~38,000元",33000,https://www.104.com.tw/job/92yxl,電商平台營運 (蝦皮/Momo/PChome/Amazon/Alibaba) / 數位行銷與流量廣告投放 (GA4/SEO/Meta/廣告),作基礎報表並追蹤執行進度。 3. 完成主管交辦之其他行銷相關事項。 【我們需要這樣的你】 * 對電商、數位行銷及社群經營有興趣；具相關實習或工作經驗者佳。 * 熟悉基本文書軟體及社群平台操作。 * 具備良好的溝通協調能力，能配合跨部門合作。
464,15190523,電子商務,行政助理(短期人員),橙的電子股份有限公司,汽車及其零件製造業,大雅區,"月薪 32,000~35,000元",32000,https://www.104.com.tw/job/91l2z,,1、出缺勤作業-門禁資料管理、電子表單簽核、每月差勤資料彙整與核算。 2、教育訓練之規劃與執行。 3、文件處理及行政管理工作。 4、其他主管交辦事項。
465,14493212,電子商務,活動推廣及執行專員 E1,財團法人塑膠工業技術發展中心,工商顧問服務業,西屯區,"月薪 40,000~45,000元",40000,https://www.104.com.tw/job/8mn18,商務談判、報價議價與合約簽訂,1.產官學研專家委員會經營、職能基準建置與制度優化 2.能力鑑定考試全流程營運（包含行銷推廣、認同企業及學校開發、試務執行、證書核發與考生諮詢） 3.依據職能基準，推動相關制度導入企業或學校，並協助企業規劃與執行培訓課程 4.職能系統維運與
466,11823770,電子商務,刁民酸菜魚崇德店晚班正職 (薪水四萬六-五萬一up),刁民餐飲有限公司,餐館業,北區,"月薪 46,000~51,000元",46000,https://www.104.com.tw/job/71fa2,,歡迎社會新鮮人、熱愛餐飲業夥伴，一起在刁民發光發熱 高於同業起薪：依能力&年資調整，調薪機會多 準時上下班：工作與生活平衡，四周變形工時 獎金拿不完：高額團隊績效獎金、各式獎金 【工作內容】 - 負責接待顧客、完成顧客需求，提供最佳服務 -
467,14484211,電子商務,品保檢驗員,台灣航空電子股份有限公司,其他電子零組件相關業,南屯區,"月薪 29,500~32,000元",29500,https://www.104.com.tw/job/8mg37,,※工作內容: •部品外觀檢查，尺寸量測。 註1. 檢查中須搬重物，依個人體力可負荷的工作。 註2. 工作中須使用顯微鏡，工具顯微鏡。
468,12542594,電子商務,理貨出貨人員(無經驗可),新鈦電子商務有限公司,百貨相關業,大雅區,"月薪 33,000~36,000元",33000,https://www.104.com.tw/job/7gtxe,,【工作項目】 1、進貨產品清點及入庫。 2、出貨撿貨、包裝相關工作。 3、商品整理與庫存管理及盤點。 4、完成主管交辦工作。 需有責任心、做事細心、有效率 訂單多時配合加班
469,13292101,電子商務,R01A 台中分公司-旅遊產品規劃師 (需具日文N2以上溝通能力),易遊網旅行社股份有限公司,旅遊服務業,西屯區,"月薪 35,000~40,000元",35000,https://www.104.com.tw/job/7ww91,電商平台營運 (蝦皮/Momo/PChome/Amazon/Alibaba) / 第二外語能力 (日文/越語/西語/德語),的學習力與工作態度 歡迎對觀光產業、電商平台感興趣的所有求職者及具身心障礙、原住民的您加入易遊網團隊!
470,15055273,電子商務,行銷專員(喬納斯),海德威電子工業股份有限公司,IC設計相關業,龍井區,"月薪 40,000~55,000元",40000,https://www.104.com.tw/job/8yoq1,英語商務溝通 (精通/流利/信件/多益TOEIC) / 數位行銷與流量廣告投放 (GA4/SEO/Meta/廣告) / ERP / SAP 企業資源與進銷存系統 / 商業數據分析與自動化 (Python/PowerBI/Excel樞紐),工作內容 • 協助整理技術資料並轉化為簡報與行銷素材 • 撰寫產品說明文件與案例介紹 • 官網與專業社群內容維護 • 協助展覽與客戶簡報準備 • 市場與競品資料蒐集整理 • 協助政府計畫文件彙整 職務條件 • 3~5年行銷或產業相關經驗 •
471,15086676,電子商務,資訊數位主管,臺久企業股份有限公司,其他化學相關製造業,大安區,"月薪 40,000~9,999,999元",40000,https://www.104.com.tw/job/8zcyc,,1. 設計、開發、維護企業級電子商務平臺； 2. 按照公司業務需求，協調團隊進行產品研發； 3. 協調第三方廠商進行相關工作； 4. 確保產品的穩定性、可靠性、安全性和質量； 5. 測試、分析和總結系統問題、優化方案； 6. 維護系統文檔、
472,10462500,電子商務,國內業務人員(中彰投/雲嘉南/高高屏),擎宏電子企業有限公司,消費性電子產品製造業,北屯區,"月薪 30,000~50,000元",30000,https://www.104.com.tw/job/688x0,商務談判、報價議價與合約簽訂,1.開發潛在客戶，拓展市場，以達成業績目標。 2.定期拜訪經銷客戶，維繫穩定客戶關係。 3.負責國內業務接洽及訂單處理。 4.負責產品報價及產品展示，並處理帳款回收相關事宜。 5.負責業務推展，傳達及說明公司各項業務重大訊息、活動及產品。
473,15397094,電子商務,【擴大徵才/台中廠】IQC檢驗員,環鴻科技股份有限公司,消費性電子產品製造業,南屯區,"月薪 32,000~9,999,999元",32000,https://www.104.com.tw/job/960h2,,1. 電子零件、機構件及包材進料檢驗 2. 依檢驗規範進行外觀檢查及尺寸量測 3. 檢驗結果記錄及報告填寫 4. 不良品標示、隔離及異常回報 5. 協助進料檢驗相關文件整理 6. 能配合收料及生產需求加班 7.熟悉 Office 應用程式（
474,12313035,電子商務,【 倉儲人員】,映興電子股份有限公司,其他電子零組件相關業,南屯區,"月薪 32,000~35,000元",32000,https://www.104.com.tw/job/7bwsr,,1.出貨安排及執行 2.料件入庫儲位的執行與定位 3.循環盤點的執行 4.儲位資料維 5.5S管理 6.雜發借出料跟催 7.配合稽核單據處理 8.其他經主管職掌所展開需推動之配合事項
475,15188469,電子商務,機構設計主任工程師_智能製造平台新事業發展部機構課(中科),台達電子工業股份有限公司 _DELTA ELECTRONICS INC.,其他電子零組件相關業,西屯區,待遇面議(經常性4萬以上),38000,https://www.104.com.tw/job/91jhx,,1.審查機構設計類零部件結構/功能設計。 2.規劃機構設計類產品BOM手稿提供與確認。 3.規劃與執行機構設計類零件材料選用及供應商導入。 4.督導與執行機構設計類工程/設計變更。 5.執行專案進度管理。 6.規劃擬定與執行市場產品趨勢研究
476,12162244,電子商務,亞洲區品保派駐主管,百容電子股份有限公司,其他電子零組件相關業,南屯區,待遇面議(經常性4萬以上),38000,https://www.104.com.tw/job/78og4,,1.三年以上品保經驗 2.熟悉品質管理系統 3.擅長8D報告 4.主管交辦之事項 5. 需長期外派
477,15297307,電子商務,專案主管｜負責智慧物流系統專案維運、跨部門協作及技術團隊管理,承穎科技有限公司,電腦系統整合服務業,西區,待遇面議(經常性4萬以上),38000,https://www.104.com.tw/job/93vh7,商業數據分析與自動化 (Python/PowerBI/Excel樞紐),【工作內容】 －日常專案維運： 帶領團隊執行系統日常維運，確保系統穩定運作。 －流程制度建立： 制定並優化維運 SOP、系統審計及作業流程，提升維運效率與品質 －自動化與日常維運： 規劃並推動自動化測試與維運流程，執行版本驗證、功能測試及系
478,14330683,電子商務,【台中】Key Account_電商業務副理_熟AI Agent應用／熟電商平台操作優先,欣新網股份有限公司,網際網路相關業,西區,待遇面議(經常性4萬以上),38000,https://www.104.com.tw/job/8j5mj,電商平台營運 (蝦皮/Momo/PChome/Amazon/Alibaba),【國際品牌合作／策略執行／彈性環境】 你是不是常常逛Momo、蝦皮購物、PChome時，會想著—— 「這個活動怎麼設計出來的？」 或者，你曾經想過：「如果這個品牌讓我來經營，我一定可以讓它賣得更好。」 我們正在找的，像你這樣，對品牌經營與電
479,10555837,電子商務,品保技術員/助理工程師(輪班)-二處,百容電子股份有限公司,其他電子零組件相關業,南屯區,"月薪 32,000~45,000元",32000,https://www.104.com.tw/job/6a8xp,,1.執行產品檢驗(QC)、IPQC之工作 2.客訴及異常品處理作業 3.其他主管交辦事項 ★夜班津貼另計
480,10464314,電子商務,品管工程師/助理工程師,百容電子股份有限公司,其他電子零組件相關業,南屯區,"月薪 35,000~45,000元",35000,https://www.104.com.tw/job/68abe,,1.異常分析 2.客訴處理 3.製程良率管控 4.GP管理 5.主管交辦之事項
481,15061333,電子商務,【IQC品管檢驗人員】,映興電子股份有限公司,其他電子零組件相關業,南屯區,"月薪 31,000~35,000元",31000,https://www.104.com.tw/job/8yted,,本職務主要負責公司「原物料進料檢驗（IQC）」、委外加工品把關，以及「供應商品質異常」的追蹤與系統化管理。需具備細心、原則性與良好溝通能力。主要工作內容如下： 一、原物料與委外進料檢驗： 1.負責 原物料進料檢驗、詳實填寫檢驗記錄，並整理供
482,13916828,電子商務,車用電子工程師,車王電子股份有限公司,其他電子零組件相關業,大雅區,待遇面議(經常性4萬以上),38000,https://www.104.com.tw/job/8aaak,,1.車用電子產品硬體設計開發、樣品製作功能測試、法規驗證 2.PCB佈線設計或審查 3.專案之規格進行實驗並收集數據訂立標準 4.硬體線路使用的零組件規格及性能評估
483,7469472,電子商務,行銷企劃人員,柏叡自動化科技股份有限公司,其他電子零組件相關業,南屯區,"月薪 33,000~45,000元",33000,https://www.104.com.tw/job/4g3hc,,現有品牌、產品以及公司整體的形象，並負責相關文宣資料的規劃與製作。 5.產業競爭及市場調查分析。 6.經營公司網站及各電子商務平台商品行銷推廣事宜 7.維護及經營社群媒體平台。 8.其他主管交辦事項。
484,10319628,電子商務,國際業務經理,擎宏電子企業有限公司,消費性電子產品製造業,北屯區,待遇面議(經常性4萬以上),38000,https://www.104.com.tw/job/656oc,海外客戶開發與國際商展參展,1.負責開拓電源及儀器設備市場。 2.根據市場變化適時調整銷售策略，以提高公司產品市場佔有率。 3.負責客戶維護及開發新客戶。 4.參加國際性展覽並規劃各項事宜。
485,14046073,電子商務,【 國外業務人員】★固定月薪+獎金另計，等您的加入!!,映興電子股份有限公司,其他電子零組件相關業,南屯區,"月薪 38,000~40,000元",38000,https://www.104.com.tw/job/8d20p,海外與跨境經貿 (跨境電商/海外市場/外銷) / 商務談判、報價議價與合約簽訂,1.現有客戶維護 及提共訂單交貨進度 2.現有客戶新產品開發並展開估價 報價 & 送樣進度 3.客戶端及時性付款與收款跟催 4.連絡與協調深圳、崑山/ 泰國相關產品製造、出貨相關等事宜 5.新客戶需求報價及相關事項進度回覆 6.客戶訴怨依作
486,14107275,電子商務,【總帳人員】,映興電子股份有限公司,其他電子零組件相關業,南屯區,"月薪 31,000~38,000元",31000,https://www.104.com.tw/job/8ed8r,,1.應付費用帳務處理及審核入帳作業 2.部門費用與預算差異分析及彙整 3.總帳相關管理報表製作及分析 4.稅務各項收入調節表(銷貨收入調節表/各類所得調節表) 5.財務費用類新人教育訓練 6.固定資產系統維護及攤提折舊 7.營業稅申報作業 
487,15370381,電子商務,硬體工程師,海德威電子工業股份有限公司,IC設計相關業,西屯區,待遇面議(經常性4萬以上),38000,https://www.104.com.tw/job/95fv1,,1.PCB功能測試與具有電子零件手作能力。 2.電路設計。繪製電路圖。硬體線路設計規劃與繪製。 3.PCB 走線及檢查。 4.硬體功能檢測及除錯。 5.評估零件與規格，選用適合零組件。 6.AC to DC 跟 LED Power開發設計。
488,15138660,電子商務,庫存規劃專員,法特科技有限公司,綜合商品批發代理業,西屯區,待遇面議(經常性4萬以上),38000,https://www.104.com.tw/job/90h2c,,• 分析歷史銷售數據與需求趨勢，進行需求預測，制定採購與補貨計畫 • 依據庫存水位與銷售狀況，建立並維護安全庫存 • 規劃並執行採購訂單，確保庫存供應穩定 • 掌控進貨時程，避免缺貨或過量庫存 • 監控庫存週轉率、滯銷品與高庫存品項，提出改
489,6805250,電子商務,【迪卡儂電子商務部】官網數位營運專員 Ecommerce E-Category Specialist,Decathlon Taiwan_台灣迪卡儂有限公司,文教／育樂用品零售業,南屯區,"月薪 42,000~52,000元",42000,https://www.104.com.tw/job/41uyq,電商平台營運 (蝦皮/Momo/PChome/Amazon/Alibaba) / 商業數據分析與自動化 (Python/PowerBI/Excel樞紐),【職務敘述】 你將負責迪卡儂電商官網營運，包含透過全通路 (線上/線下)數據分析與應用，了解商品銷售趨勢與市場需求，制定各運動產品線的數位商業策略，以達成業績目標。 透過策展規劃、優化官網商品陳列、商品頁面以及站內搜尋結果，提升產品曝光度，
490,15081451,電子商務,Wagon KOL 社群行銷企劃 (Wagon 瓦根電商學院-台中) 薪資＋獎金,哇寶國際資訊股份有限公司,網際網路相關業,北區,"月薪 35,000~50,000元",35000,https://www.104.com.tw/job/8z8x7,生成式 AI 與智慧工具 (ChatGPT/Prompt/Copilot/AI) / 電商平台營運 (蝦皮/Momo/PChome/Amazon/Alibaba) / 商務談判、報價議價與合約簽訂 / 數位行銷與流量廣告投放 (GA4/SEO/Meta/廣告),【職務說明｜這個角色在做什麼？】 我們正在尋找一位 擅長 KOL 操作 × 社群規劃 × 內容節奏 × AI 工具運用 的行銷企劃。 這不是單純發文與找網紅的角色， 而是一個能夠： ．為品牌規劃完整的社群與內容節奏 ．設計適合品牌調性的 K
491,14714446,電子商務,【財會管理】財務副理【須具備乙級會計事務技術士】,BHK's_帝力股份有限公司,食品什貨批發業,西屯區,"月薪 50,000~60,000元",50000,https://www.104.com.tw/job/8rdqm,ERP / SAP 企業資源與進銷存系統,1.財務相關制度及流程之推動與優化，並覆核各項會計作業，以符合財會及稅務之規定。 2.成本相關流程審核與控管。 3.銀行外匯避險規劃及資金調度。 4.稅務規劃申報。 5.年度存貨、固資盤點計劃。 6.定期提供集團財務報表，並針對異常項目進行
492,14730294,電子商務,生產助理員,車王電子股份有限公司,其他電子零組件相關業,大雅區,"月薪 30,000~32,000元",30000,https://www.104.com.tw/job/8rpyu,,1. 製造生產線設備簡易操作。 2. 產品組裝、檢驗、包裝出貨等作業。 3. 可配合加班。
493,10719955,電子商務,電商網購行銷企劃人員,食科院國際股份有限公司,食品什貨零售業,西屯區,"月薪 35,000~50,000元",35000,https://www.104.com.tw/job/6drkj,電商平台營運 (蝦皮/Momo/PChome/Amazon/Alibaba) / 數位行銷與流量廣告投放 (GA4/SEO/Meta/廣告) / 商業數據分析與自動化 (Python/PowerBI/Excel樞紐),【工作內容】 1.主要負責部落客KOL、KOC合作開發與團購、直播業務開發與經營並規劃適合的行銷方案與素材製作規劃 2.負責線上通路平台(pchome、pinkoi等)商品上下架、檔期行銷規劃與窗口PM、MD洽談應對業務能力爭取曝光與資源交
494,15226570,電子商務,中區-工務部/工務工程人員,全國電子股份有限公司,電子通訊／電腦週邊零售業,西屯區,待遇面議(經常性4萬以上),38000,https://www.104.com.tw/job/92cwa,,1.執行店鋪展店/裝修工程，如預算編列與掌控、丈量、估價分析、監工、品管、驗收等。 2.執行廠商管理及現場施工進度與品質監督，並進行彙整回報。 3.檢視工程圖面、施工圖進行施工作業評估。 4.執行店鋪各項硬體設備修繕/維護工程詢比議、發包與
495,15061337,電子商務,【品管/檢驗人員】,映興電子股份有限公司,其他電子零組件相關業,南屯區,"月薪 31,000~35,000元",31000,https://www.104.com.tw/job/8yteh,ERP / SAP 企業資源與進銷存系統,本職務負責公司產品從製程、委外、到出貨階段的品質管制與檢驗，需具備細心、耐心與高度責任感。主要工作內容如下： 一、製程與委外品質檢驗： 1.負責 IPQC（製程巡檢） 之檢驗與測試，並詳實記錄。 2.負責 委外加工品 的抽樣檢驗與結果記錄。
496,15315254,電子商務,研發工程師,瑞格電子股份有限公司,消費性電子產品製造業,潭子區,待遇面議(經常性4萬以上),38000,https://www.104.com.tw/job/949bq,,1.具備基本電路學、電子學及馬達原理概念。 2.了解電壓、電流、功率、PWM及三相馬達基本概念。 3.能閱讀基本電路圖及元件規格書。 4.具備基本問題分析及測試紀錄能力。
497,14302361,電子商務,亞太區業務人員,久正光電股份有限公司,光電產業,西屯區,待遇面議(經常性4萬以上),38000,https://www.104.com.tw/job/8ijrt,海外與跨境經貿 (跨境電商/海外市場/外銷) / 進出口關務與報關單據 (報關/L/C信用狀/提單/海空運) / 海外客戶開發與國際商展參展 / 商務談判、報價議價與合約簽訂,- 開拓海外市場、客戶維護及開發新客戶 - 向客戶報價、確認訂單、貨物裝運之方法、處理出貨報關文件作業 - 掌握出貨狀況，並追蹤產品交期 - 服務客戶並掌握客戶需求，建立長期夥伴關係 - 進行巿場分析調查，並提出策略建議 - 參加國際性展覽
498,15378295,電子商務,人力資源管理師B2,財團法人塑膠工業技術發展中心,工商顧問服務業,西屯區,待遇面議(經常性4萬以上),38000,https://www.104.com.tw/job/95lyv,英語商務溝通 (精通/流利/信件/多益TOEIC),本職務角色為組織之人力資源業務夥伴，負責連結人力資源策略與組織發展目標，推動人資制度與流程優化，並依業務需求整合執行招募任用、訓練發展、績效管理、員工關係及人資行政等全方位人力資源管理工作；需具備 Full Function 實務經驗，能獨
499,15201798,電子商務,電子料件採購專員,美律實業股份有限公司,消費性電子產品製造業,南屯區,待遇面議(經常性4萬以上),38000,https://www.104.com.tw/job/91ts6,商務談判、報價議價與合約簽訂,1. 熟悉電子料市場，Second Source(廠商、製程、材料)開發 2. RFQ詢、比、議價作業及成本及材料時程控制 3. 供應商管理、分析、規劃、執行策略性採購 4. 市場資料彙整與趨勢分析，以了解市場供需 5. 依據公司發展策略和
500,7667450,電子商務,電子工程師,奕傑電子股份有限公司,其他電子零組件相關業,大里區,"月薪 36,000~50,000元",36000,https://www.104.com.tw/job/4kc8q,,1.產品開發評估、工程驗證、量產導入。 2.電子元件模組測試承認。 3.電路佈線及BOM確認與維護。
501,15350122,電子商務,電商行銷總監 | 行銷主管,益豐國際股份有限公司,其他零售業,西屯區,待遇面議(經常性4萬以上),38000,https://www.104.com.tw/job/9508a,電商平台營運 (蝦皮/Momo/PChome/Amazon/Alibaba) / 海外與跨境經貿 (跨境電商/海外市場/外銷),培育，並與營運、採購等部門協作，推動品牌及產品行銷專案。 【我們需要這樣的你】 * 具 5 年以上行銷、電商或品牌相關工作經驗，並具 3 年以上團隊管理經驗。 * 跨境電商、海外市場或品牌經營相關經驗，熟悉海外市場特性及消費者需求。 * 良
502,15311456,電子商務,門市銷售專員(台中市北屯區),全國電子股份有限公司,電子通訊／電腦週邊零售業,北屯區,"月薪 30,500~36,000元",30500,https://www.104.com.tw/job/946e8,,"➤薪資福利｜底薪＋多項獎金制度 底薪 30,500 元起，另享有業績獎金、銷售台數獎金、加碼激勵獎金、年終獎金及公司分紅。努力看得見，收入成長更有感！ ➤工作內容 • 負責家電、3C資訊及生活用品等商品銷售，提供顧客專業商品介紹與購物建議。"
503,15259711,電子商務,資訊工程師/助理工程師-後端工程師,橙的電子股份有限公司,汽車及其零件製造業,大雅區,"月薪 36,000~9,999,999元",36000,https://www.104.com.tw/job/932gv,商業數據分析與自動化 (Python/PowerBI/Excel樞紐),1、API 設計與開發。 2、維護Mssql主機 3、系統串接與整合。 4、維運、除錯與佈署。 5、其他主管交辦事項。
504,15351960,電子商務,模具維修技術人員-三廠,百容電子股份有限公司,其他電子零組件相關業,西屯區,"月薪 35,000~50,000元",35000,https://www.104.com.tw/job/951nc,,1. 例行性保養與維修。 2. 沖壓模具維護、組裝相關。 3. 沖壓模具問題查找及對應。 4. 主管交辦之事項。
505,15269808,電子商務,台中-外勤工程師,清谷電子有限公司,其他電子零組件相關業,東區,"月薪 32,000~42,000元",32000,https://www.104.com.tw/job/93a9c,,1.處理公司產品問題及客戶問題。 2.配合客戶消防系統主機設定上線運作、維修等。 3.開公務車至客戶案場查修及維護。 4.其他主管交辦事項。 5.態度積極樂觀，富責任感 6.具小型車駕照且熟悉道路駕駛 ※ 需在淡水總公司受訓3個月 ※
506,8077454,電子商務,【業務開發人員】,映興電子股份有限公司,其他電子零組件相關業,南屯區,待遇面議(經常性4萬以上),38000,https://www.104.com.tw/job/4t4lq,,1.AI Data Center 市場開發 2.建立長期技術合作與 Design-in 關係 3.推廣液壓磁式斷路器、高壓接觸器及工業感測器，並協助客戶導入壓力、溫度、流量及液位感測器產品。 4.參與 AI Server Rack、PDU、
507,15345836,電子商務,設計工程師,先益電子工業股份有限公司,光電產業,南屯區,待遇面議(經常性4萬以上),38000,https://www.104.com.tw/job/94wx8,,1. 產品設計 2. 新產品開發 3. 3D製圖 4. 2D製圖 5. 不良原因分析、檢討 6. 開發中案件進度管理 7. 可配合國內外出差
508,15347997,電子商務,品保檢查員(一廠),台灣航空電子股份有限公司,其他電子零組件相關業,南屯區,"月薪 29,500~32,000元",29500,https://www.104.com.tw/job/94yl9,,1.部品外觀檢查，尺寸量測。(工作中須使用顯微鏡，工具顯微鏡) 2.具基本圖面識別能力尤佳。
509,15385043,電子商務,【工程部】經理,智訓股份有限公司,其他電子零組件相關業,西屯區,"月薪 90,000~9,999,999元",90000,https://www.104.com.tw/job/95r6b,,【工作內容】 1.新產品與製程開發： ．主導電子零組件/半導體相關新產品開發專案。 ．負責基礎建置、圖面審查與規格確認。 2.製程改善與異常排除： ．主動協助生產部門進行製程優化。 ．建立標準化之生產與除錯 SOP，大幅降低生產內耗與異常
510,13867666,電子商務,專案管理室-專案經理,億威電子系統股份有限公司,其他電子零組件相關業,潭子區,待遇面議(經常性4萬以上),38000,https://www.104.com.tw/job/898cy,,1.NPI 專案管理（NPI Project Management） 2. 專案開發執行（Project Developing） 3. 產品生命週期維護（Product Life Cycle Sustaining） 4. 成本管理控制（Co
511,14804045,電子商務,智能工具PM專員,車王電子股份有限公司,其他電子零組件相關業,大雅區,待遇面議(經常性4萬以上),38000,https://www.104.com.tw/job/8tavh,,1.新產品開發企劃評估與分析Road Map 2.新產品開發進度追蹤 3.彙整競爭廠牌新產品情報資料 4.彙整行銷產品資訊，追蹤業務產品送樣測試進度 5.客訴與工變追蹤，以及市場反饋彙整與工變申請 6.彙整協調各單位進行成本改善
512,14017396,電子商務,裝機測試部助理工程師,盈正豫順電子股份有限公司,其他電子零組件相關業,大雅區,"月薪 38,000~45,000元",38000,https://www.104.com.tw/job/8cfw4,,電力系統規劃.設備系統安裝.維護相關工作
513,13103688,電子商務,生產部主管,百容電子股份有限公司,其他電子零組件相關業,西屯區,待遇面議(經常性4萬以上),38000,https://www.104.com.tw/job/7suvc,,1.製造生產、設備等管理 2.產線作業之規劃與管理 3.執行生產目標並達成各項生產指標 4.熟生產管理系統流程 5.主管交辦之事項
514,15310492,電子商務,【擴大徵才/台中廠】夜班品檢/總檢人員,環鴻科技股份有限公司,消費性電子產品製造業,南屯區,"月薪 32,000~9,999,999元",32000,https://www.104.com.tw/job/945ng,,【加分項目】 電子相關系、品管、製造相關經驗 【固定班別】 日班 08:00至17:05 (已經額滿) 小夜班 16:00至00:30 或17:00至01:30
515,14832415,電子商務,管理部-招募管理師,億威電子系統股份有限公司,其他電子零組件相關業,潭子區,"月薪 30,000~40,000元",30000,https://www.104.com.tw/job/8twrj,,1.負責招募徵才規劃與執行，舉辦招募活動、產學合作、校園徵才等。 2.員工考勤管理並提供人事管理報表(如：工時規劃、出勤管理等)。 3.協助考勤、訓練、留用等人資相關工作。 4.員工資料管理、員工福利協辦。 5.其他主管交辦事務。
516,6345444,電子商務,樣品作業員,信都電子科技股份有限公司,其他電子零組件相關業,潭子區,"月薪 30,000~35,000元",30000,https://www.104.com.tw/job/3s06c,,1.協助樣品人員處理急單或數量較多之作業員 2.需操作射出機及組立機台 3.有線材加工經驗者佳
517,14883005,電子商務,台中勤美－門市正職人員,roshop_歐森電子商務有限公司,鞋類／布類／服飾品零售業,西區,"月薪 35,000~65,000元",35000,https://www.104.com.tw/job/8uzst,數位行銷與流量廣告投放 (GA4/SEO/Meta/廣告),【工作內容】 1.服飾銷售、搭配建議與顧客服務 2.協助商品陳列、補貨、整理貨架、庫存盤點 3.收銀、結帳、開店與關店作業、店內相關行政業務 4.維持店內整潔與形象 5.協助拍攝商品、社群貼文或直播（有需求時需配合） 6.負責門市營運管理，
518,15320401,電子商務,ＡI 工程師,法特科技有限公司,綜合商品批發代理業,西屯區,"月薪 60,000~80,000元",60000,https://www.104.com.tw/job/94dap,電商平台營運 (蝦皮/Momo/PChome/Amazon/Alibaba) / ERP / SAP 企業資源與進銷存系統 / 商業數據分析與自動化 (Python/PowerBI/Excel樞紐),1.熟悉 Python、SQL、REST API、JSON、Git 2.串接 ERP、電商平台、Excel、Google Workspace、Microsoft 365、Airtable、Notion 等系統 3..AI / API 應用能
519,11139354,電子商務,韌體設計工程師,車王電子股份有限公司,其他電子零組件相關業,大雅區,待遇面議(經常性4萬以上),38000,https://www.104.com.tw/job/6mr6i,,1. 執行軟體架構設計、程式設計、測試與除錯。 2. 應用於產品的軟體新技術與新工具。 3. 熟C語言、IATF16949、MISRA C Guideline等車用要求規範
520,8677860,電子商務,電子工程師 【有經驗者，薪資另議】,鎧齊電子企業有限公司,電子通訊／電腦週邊批發業,西區,"月薪 35,000~9,999,999元",35000,https://www.104.com.tw/job/55zvo,,1.電子系統、電路焊接維修 2.針對設備進行測試、除錯 3.協助解決相關研發問題 4.訂定開發進度、編寫產品規格書 5.電子電路設計分析&運用 6.單晶片程式或硬體設計
521,12575581,電子商務,研發工程師/助理工程師 -總廠,百容電子股份有限公司,其他電子零組件相關業,南屯區,"月薪 36,000~55,000元",36000,https://www.104.com.tw/job/7hjdp,ERP / SAP 企業資源與進銷存系統,1.繪圖 2.產品研發助理 3.文件及圖檔管理、專案管理 4.ERP-BOM、建立與維護 5.生產技術導入協助 6.擬定所需文件(作業程序、標準、表格等) 7.主管交辦之事項 ☆公司具完善新進人員教育訓練
522,13331881,電子商務,【寵物商品業務專員（中區）】(底薪+獎金),耐維滋寵物食品有限公司,寵物相關服務業,西屯區,"月薪 35,000~70,000元",35000,https://www.104.com.tw/job/7xqy1,海外客戶開發與國際商展參展,【公司資訊】 公司銷售產品簡介:卡默CAMO 寵物品牌，主打高適口性與高回購率產品 保障底薪加無上限業績獎金，歡迎想賺取高薪的業務高手！ 【工作內容】 1、協助門市提升銷售（售後、陳列、教育） 2、客戶開發（寵物實體通路、網路通路商、寵物美
523,15375870,電子商務,品管工程師,台灣航空電子股份有限公司,其他電子零組件相關業,南屯區,"月薪 31,000~33,000元",31000,https://www.104.com.tw/job/95k3i,,工作內容： 1. 品質相關系統管理及執行。 2. 製造部品質狀況監視及管理。 3. 製程巡迴實施。 4. 相關實驗設備之操作使用。 4. 其他主管交付事宜。
524,13465767,電子商務,中區專案業務專員,銓盛電子股份有限公司,消費性電子產品製造業,西屯區,待遇面議(經常性4萬以上),38000,https://www.104.com.tw/job/80m93,海外客戶開發與國際商展參展,electronics/ 1. 個性活潑、開朗、好奇心重、能接受新事物與挑戰且需具備高度自我管理能力 2. 有策略性客戶開發經驗尤佳 3. 熟悉台北/新北/桃園地區機電設計業、上市電子業、石化業、公共工程、系統整合商和終端業主廠務及自動化設
525,7770127,電子商務,生產製造主管,車王電子股份有限公司,其他電子零組件相關業,大雅區,待遇面議(經常性4萬以上),38000,https://www.104.com.tw/job/4mjgv,,1.生產實績管理、進度異常協調 2.生產製程規劃與改善 3.生產品質分析與改善 4.製程能力提升規劃與改善 5.生產現場及跨單位問題處理整合
526,14613264,電子商務,管路工程師,允晨科技有限公司,其他電子零組件相關業,后里區,"月薪 40,000~65,000元",40000,https://www.104.com.tw/job/8p7o0,,1.管路工程施工。預製，設計 2.進行實地勘查，並記錄施工地點的各項特徵與細節。 3.協助現場主管進行工程。
527,12675831,電子商務,行政工程助理,鎧齊電子企業有限公司,電子通訊／電腦週邊批發業,西區,"月薪 31,000~9,999,999元",31000,https://www.104.com.tw/job/7joqf,商務談判、報價議價與合約簽訂,協助採買零件與整理歸檔 採購詢比議價、交期追蹤 相關文件製作 會議記錄與進度追蹤 電話接聽、訂購午餐、外出送件(需自備機車) 辦公室環境與設備之清潔維護 電子零件加工(無經驗可) 其他主管交辦事項處理
528,13698996,電子商務,Business Development Project Manager (Germany Market Expansion),橙的電子股份有限公司,汽車及其零件製造業,大雅區,待遇面議(經常性4萬以上),38000,https://www.104.com.tw/job/85m7o,,"[Role Summary] Based at our headquarters in Taichung, Taiwan, this role serves as the strategic bridge between HQ and th"
529,15289474,電子商務,資訊應用輔導顧問師 L1,財團法人塑膠工業技術發展中心,工商顧問服務業,西屯區,"月薪 40,000~48,000元",40000,https://www.104.com.tw/job/93pfm,,1.企業數位轉型、智慧製造、AI類輔導案之執行及政府計畫之發展、推動 2.ISO 27001資安、ISO 27701個資...國際標準管理系統輔導 3.數位資安類國際管理系統標準…等發展、推動
530,14246325,電子商務,歐洲區業務專員-義大利地區,久正光電股份有限公司,光電產業,西屯區,"月薪 38,000~48,000元",38000,https://www.104.com.tw/job/8hcj9,海外與跨境經貿 (跨境電商/海外市場/外銷) / 海外客戶開發與國際商展參展 / 商務談判、報價議價與合約簽訂,"1-義大利地區國外業務 2-跨部門的採購訂單驗證及處理 3-溝通以滿足客戶要求、CRM、KPI 目標的實現 4-國外出差拜訪客戶及參展 account manager - Germany region Daily routine, inco"
531,15080265,電子商務,作業員,百容電子股份有限公司,其他電子零組件相關業,西屯區,"月薪 29,500~29,500元",29500,https://www.104.com.tw/job/8z809,,1.自動化機台操作 2.外觀檢查 3.主管交辦事項 4.可配合公司訂單需求加班
532,14899414,電子商務,專案助理,偉瑟集團_偉瑟科技股份有限公司,網際網路相關業,北區,"月薪 35,000~40,000元",35000,https://www.104.com.tw/job/8vcgm,ERP / SAP 企業資源與進銷存系統,專案系統操作及配置設定。這個職位對於想在電子商務領域發展且幫助企業數位轉型的人而言非常重要，有良好的學習和成長前景。 歡迎符合上述要求的人才申請本職位。
533,14325642,電子商務,機構設計工程師,車王電子股份有限公司,其他電子零組件相關業,大雅區,待遇面議(經常性4萬以上),38000,https://www.104.com.tw/job/8j1qi,,1.產品機構設計開發 2.產品模具發包、進度追蹤及工程樣品組裝檢驗測試 3.產品功性能/可靠度驗證 4.競品分析及專利解析 5.APQP設計文件處理
534,15345201,電子商務,【迪卡儂電子商務部】電商後台營運管理師 Digital Operation Leader,Decathlon Taiwan_台灣迪卡儂有限公司,文教／育樂用品零售業,南屯區,"月薪 48,000~9,999,999元",48000,https://www.104.com.tw/job/94wfl,電商平台營運 (蝦皮/Momo/PChome/Amazon/Alibaba),Leader，你的使命是透過卓越的庫存管理、履約配送與系統優化，為顧客打造「快速、便利、可靠且無縫」的數位購物旅程。你將是推動線上業績成長、擴大市佔率，以及提升顧客滿意度的關鍵推手！ 【主要工作內容】 1. 電商日常營運與訂單履約管理 (E
535,15349149,電子商務,IQC工程師－工作地點：台中－品質保證處,信邦電子股份有限公司,電腦及其週邊設備製造業,梧棲區,"月薪 38,000~9,999,999元",38000,https://www.104.com.tw/job/94zh9,,※初期於苗栗培訓，預計2027年轉至台中梧棲廠※ 【工作說明】 1. IQC進料異常處理。 2. OQC出貨異常處理。 3. 主管交辦事項。 【應徵條件】 1. 工作需配合職務調配(IQC/OQC)。 2. 具備電腦文書處理能力。 3. 肯
536,14917024,電子商務,木工師傅,帝傑有限公司,網際網路相關業,大雅區,"月薪 45,000~80,000元",45000,https://www.104.com.tw/job/8vq1s,,打造空間之美的專業匠師，我們正在尋找你！ 熱愛木作工藝，並且對細節要求完美的你，就是我們的最佳夥伴！ 一起創造溫暖、實用又令人驚豔的空間吧！ 工作內容： 1. 依設計圖進行木作施工（天花板、隔間、櫥櫃、家具等） 2. 工地現場尺寸丈量、定位
537,15334712,電子商務,景晨文教 財會行政人員,景誠電子有限公司,消費性電子產品製造業,大里區,"月薪 36,000~9,999,999元",36000,https://www.104.com.tw/job/94oc8,ERP / SAP 企業資源與進銷存系統,1.獨立負責完整帳務處理作業 2.財報處理及編製 3.人資、人事、行政文書等事務處理 4.主管交辦事項 5.熟悉office及ERP軟體。
538,14822606,電子商務,AI軟體B2B開發業務(底薪六萬/周休三日 台中),戰國策網路科技股份有限公司,網際網路相關業,西屯區,"月薪 60,000~150,000元",60000,https://www.104.com.tw/job/8tp72,海外與跨境經貿 (跨境電商/海外市場/外銷) / 英語商務溝通 (精通/流利/信件/多益TOEIC) / 商務談判、報價議價與合約簽訂 / 數位行銷與流量廣告投放 (GA4/SEO/Meta/廣告),工作內容 * 開發並拓展企業客戶，推廣本公司 AI客服系統 與 SEO服務 * 掌握B2B客戶需求，提供解決方案與顧問式銷售 * 負責業務開發流程：名單開發 → 洽談 → 提案 → 成交 → 客戶維護 * 協助客戶導入AI客服系統，並結合S
539,12359017,電子商務,工業設計師 (ID),美律實業股份有限公司,消費性電子產品製造業,南屯區,待遇面議(經常性4萬以上),38000,https://www.104.com.tw/job/7cwa1,,1. CMF 研究與定義、色樣檢討與確認。 2. 產品外觀概念發想、2D/3D 建模與設計執行。 3. 產品人因工程（Ergonomics）分析與使用者體驗研究。 4. 創新設計研究與概念發想。 5. 與機構、電子、聲學工程師及供應商跨部門
540,5223212,電子商務,IE工業工程師,車王電子股份有限公司,其他電子零組件相關業,大雅區,待遇面議(經常性4萬以上),38000,https://www.104.com.tw/job/33y98,,1.生產效率持續改善之標準時間研究、動作分析、標準工時制定與維護 2.生產作業合理化、自動化提升.
541,13471231,電子商務,Java軟體工程師(台中),網際威信股份有限公司,電腦系統整合服務業,南屯區,"月薪 38,000~9,999,999元",38000,https://www.104.com.tw/job/80qgv,,行程式開發。 ■ 金融銀行/電子支付 Web開發設計。 ■ Java Web 後端程式(Spring boot 、Spring MVC framework )撰寫、Spring Cloud 部署。 【開發標的/客戶】 ■ 金融入口網、金
542,15063376,電子商務,中區業務代表,宜福門電子有限公司,電子通訊／電腦週邊零售業,北屯區,"月薪 40,000~9,999,999元",40000,https://www.104.com.tw/job/8yuz4,海外客戶開發與國際商展參展,工作目的： • 在指定區域或客戶群中銷售宜福門產品和服務 • 增加市場市佔率、銷售額和積極購買的客戶群 工作職責： 1. 於負責區域內執行客戶銷售計畫，按與公司達成共識之成長目標落實日常銷售行為。 2. 開發新客戶、拓展市場，並與現有客戶建
543,14754069,電子商務,物管人員,先益電子工業股份有限公司,光電產業,南屯區,"月薪 30,000~9,999,999元",30000,https://www.104.com.tw/job/8s8b9,ERP / SAP 企業資源與進銷存系統,1.原物料收貨與檢驗後登入EPR系統 2.倉庫管理、規劃、標示，物料保存 3.定期追蹤複查庫存實物與ERP帳務是否相符(循環盤點)及定時報表提交 4.上下貨櫃及駕駛公務車， 二廠物料往返 5.其他跨部門配合事項 6.具有堆高機證照及駕駛小汽
544,15384999,電子商務,【業務部】副理,智訓股份有限公司,其他電子零組件相關業,西屯區,"月薪 70,000~9,999,999元",70000,https://www.104.com.tw/job/95r53,商業數據分析與自動化 (Python/PowerBI/Excel樞紐),發起會議確認，解決產銷不協調之異常問題。 3.客戶關係與市場開發： ．維護既有半導體/電子零組件大廠客戶關係。 ．掌握客戶未來需求與產能規劃，協助開發新市場。 4.走動式與實作管理： ．具備高度執行力，親自參與日常營運與報表數據分析，非僅發
545,14020228,電子商務,旅遊OP客服,肯驛國際旅行社有限公司,旅遊服務業,北區,"月薪 30,000~40,000元",30000,https://www.104.com.tw/job/8ci2s,,【工作內容】 1.訂單處理，與客戶進行溝通，確保客戶訂單正常服務。 2.處理國內外飯店、機票、簽證、護照等各項旅遊服務。 3.熟悉機票開、改、退票操作、簽證等相關工作經驗者優。 4.旅遊網站電話客服工作、協助客戶行程安排。 5.處理主管交辦
546,1258770,電子商務,總務/職安專員（工作地：台中港科技產業園區）,車王電子股份有限公司,其他電子零組件相關業,梧棲區,待遇面議(經常性4萬以上),38000,https://www.104.com.tw/job/qz9u,,1.勞工安全衛生管理事項處理 2.ISO45001相關事項 3.配合ISO內外稽查核及其他行政勞安事務 4.修繕工程事項 5.中港園區總務行政管理事項
547,14531129,電子商務,(35K+獎金)伴手禮電商營運｜美編修圖｜,法布甜股份有限公司,其他食品製造業,南屯區,"月薪 35,000~40,000元",35000,https://www.104.com.tw/job/8ngah,電商平台營運 (蝦皮/Momo/PChome/Amazon/Alibaba),銷相關設計（如：平面文宣、海報、DM、數位廣告 Banner） ● 展會視覺設計與規劃，協助國內外展場佈置與行銷物設計 ● 社群媒體與數位內容設計，確保品牌形象一致性 1.電商平台營運管理 -規劃並管理官網商品頁面，優化用戶體驗 -維護分類
548,13217433,電子商務,軟體開發工程師,鉅眾資產管理顧問股份有限公司,工商顧問服務業,南屯區,待遇面議(經常性4萬以上),38000,https://www.104.com.tw/job/7vamx,ERP / SAP 企業資源與進銷存系統,1.C# MVC、.Net Core、.Net Framework程式開發與系統測試。 2.資料庫相關應用。 3.電子商務平台維運與開發。 4.鼎新Workflow ERP維護。 5.公司系統開發 6.系統建置與規劃、架構設計，與自我管理控
549,13340908,電子商務,旅遊業務助理,肯驛國際旅行社有限公司,旅遊服務業,北區,"月薪 30,000~40,000元",30000,https://www.104.com.tw/job/7xxws,,【工作內容】 1.訂單處理，與客戶進行溝通，確保客戶訂單正常服務。 2.處理國內外飯店、機票、簽證、護照等各項旅遊服務。 3.熟悉機票開、改、退票操作、簽證等相關工作經驗者優。 4.旅遊網站電話客服工作、協助客戶行程安排。 5.處理主管交辦
550,14971048,電子商務,Test Engineer - Software,美律實業股份有限公司,消費性電子產品製造業,南屯區,待遇面議(經常性4萬以上),38000,https://www.104.com.tw/job/8wvqg,商業數據分析與自動化 (Python/PowerBI/Excel樞紐),"1. Software programing (LabVIEW, Python,C# etc) 2. Software Setup , Programming and Debugging in test stations 3. Data A"
551,15205952,電子商務,台灣本土電商營運專員 (momo、樂天、蝦皮),柏力電子有限公司,其他商品批發業,豐原區,"月薪 35,000~9,999,999元",35000,https://www.104.com.tw/job/91wzk,電商平台營運 (蝦皮/Momo/PChome/Amazon/Alibaba),我們擁有深耕德國市場 20 年的成熟營運經驗與豐富的產品線（E-bike 動力電池、戶外儲能電源、專業消費性電池）。你的核心任務是將這些高品質產品，精準對接台灣各大電商平台。你將擁有極大的活動規劃自主權，並透過即時的客服反饋與市場調查，快速
552,14688010,電子商務,研發部-韌體工程師,億威電子系統股份有限公司,其他電子零組件相關業,潭子區,待遇面議(經常性4萬以上),38000,https://www.104.com.tw/job/8qtca,,★★歡迎應屆畢業生★★ 【技能專長】 1. 熟電源供應器線路設計與應用韌體開發。 2.有PCB layout經驗。 【工作內容】 1. 交/直流電源供應器應用設計開發。 2. PCB layout 3. 導入新零件、新材料的測試與承認。 4
553,15307733,電子商務,機構件採購專員,美律實業股份有限公司,消費性電子產品製造業,南屯區,待遇面議(經常性4萬以上),38000,https://www.104.com.tw/job/943it,海外與跨境經貿 (跨境電商/海外市場/外銷) / 商務談判、報價議價與合約簽訂,1. RFQ詢比議價 2. 機構件成本分析 3. 新機種NPI追蹤/模具開模進度/對色/簽樣授權 • 擔任NPI階段採購窗口，追蹤打樣、開模時程，確保符合專案時間 • 管理模具開發進度（設計確認、試模、修模、驗模），協調供應商與RD排除異常
554,15359997,電子商務,【擴大徵才/台中廠】維修技術員(工程師培訓),環鴻科技股份有限公司,消費性電子產品製造業,南屯區,"月薪 34,000~45,000元",34000,https://www.104.com.tw/job/957ul,,） 【必要條件】 1. 積極度佳，願意接受訓練並逐步提升維修能力 2. 能配合生產排程加班 【加分項目】 電機 / 電子 / 資訊等科系 丙級工業電子技術士 【獎勵】 依工作表現，每月另有激勵獎金制度 【固定班別】 日班 08:
555,12904803,電子商務,現場作業員,芊和企業股份有限公司,其他電子零組件相關業,大甲區,"月薪 29,500~29,500元",29500,https://www.104.com.tw/job/7oler,,1.負責生產線機器、設備之操作。 2.進行現場產品組裝、檢驗、包裝出貨等作業。 3.與其他作業員進行協調，以符合生產及程序標準。 4.完成主管交辦事宜。 5. 須細心負責，組裝零件為電子產品，眼力好者佳。 **恕不接受電話洽詢，符合資格者將
556,11670431,電子商務,中部(台中大雅)倉管人員(大家電),小蔡電器_米米實業有限公司,電子通訊／電腦週邊批發業,大雅區,"月薪 35,000~45,000元",35000,https://www.104.com.tw/job/6y4yn,,1.收發貨、進出貨(入庫、出庫)作業。 2.物流進貨驗收。 3.庫存盤點、清點盤存作業。 4.定期清潔倉庫並檢視儲位符合規定。 5.異常反應回報及安全庫存管控。 6.主管交辦事項。 倉儲管理物品:冰箱、洗衣機、烘衣機、冷氣等大型家電 ★★★
557,15076759,電子商務,沖壓模具組立組長,百容電子股份有限公司,其他電子零組件相關業,南屯區,"月薪 38,000~50,000元",38000,https://www.104.com.tw/job/8z5av,,1.沖壓模具組立與測試工作安排。 2.新產品樣品試作工作安排。 3.協助量產模具問題排除。 4.主管交辦事項。
558,15358752,電子商務,(台中)生產管理助理,台灣村田股份有限公司,其他電子零組件相關業,西屯區,"月薪 37,000~45,000元",37000,https://www.104.com.tw/job/956w0,,1. Daily production management to ensure smooth execution of production plans. 2. Coordinate customer requirements and e
559,14019921,電子商務,客訴處理專員,肯驛國際旅行社有限公司,旅遊服務業,北區,"月薪 32,000~38,000元",32000,https://www.104.com.tw/job/8chu9,,【工作內容】 1.客戶抱怨處理。 2.協助顧客關懷，確保顧客滿意。 3.客訴案件統計分析。 4.主管臨時交辦事務。 【上班時間】 09:00－18:00，週休二日。 【薪水福利】 1. 底薪＋各項津貼獎金（輪班/加班/語言津貼/激勵獎金）。
560,6123283,電子商務,生產部門儲備幹部,瑞格電子股份有限公司,消費性電子產品製造業,潭子區,"月薪 35,000~9,999,999元",35000,https://www.104.com.tw/job/3n8r7,,1.製造部管理相關工作。 2.負責製造生產、生產製程管制與人員調配等管理工作。 3.負責所管轄人員的工作監督指導與績效評分。 4.執行主管交辦事項。 5.妥善規劃產線作業流程，以提升產能並且降低成本
561,5257767,電子商務,開發助理工程師,信都電子科技股份有限公司,其他電子零組件相關業,潭子區,"月薪 30,000~38,000元",30000,https://www.104.com.tw/job/34ox3,,"1. 識圖懂圖學,具備3D繪圖能力(無此能力者,勿投) 2. 協助專案事項"
562,15398463,電子商務,【線上面試】設備工程師_小夜班(台中精科廠),環鴻科技股份有限公司,消費性電子產品製造業,南屯區,"月薪 35,000~55,000元",35000,https://www.104.com.tw/job/961j3,,【工作內容】 1.設備維護、保養與機故處理 2.良率與效率提升規劃、追蹤及改善 3.生產線人員作業教育訓練 4.設備的相關文件製作 5.降低成本改善活動 *工程師/工程技術員視學經歷於面談後核定之
563,13054310,電子商務,品保技術員/助理工程師(夜班)-二處,百容電子股份有限公司,其他電子零組件相關業,南屯區,"月薪 32,000~45,000元",32000,https://www.104.com.tw/job/7rsrq,,1.執行產品檢驗(QC)、IPQC之工作 2.客訴及異常品處理作業 3.其他主管交辦事項 ★夜班津貼另計
564,15154284,電子商務,【資訊部】主管,合盈光電科技股份有限公司,光電產業,大雅區,"月薪 85,714~107,143元",85714,https://www.104.com.tw/job/90t4c,,1.規劃與執行公司整體資訊策略，支援營運發展、數位轉型及IPO規劃。 2.評估並導入AI、自動化及數位工具，提升組織效率與管理效能。 4.建立並推動資訊安全管理制度(ISMS)，制定資安政策及管理規範。 5.負責資訊安全風險評估、弱點管理、
565,15345428,電子商務,設計繪圖人員,先益電子工業股份有限公司,光電產業,南屯區,"月薪 36,000~43,000元",36000,https://www.104.com.tw/job/94wlw,,1. 產品設計 2. 3D製圖 3. 2D製圖 4. 不良原因分析、檢討 5. 開發中案件進度管理 6. 可配合國內外出差
566,13140644,電子商務,禮賓客服專員,肯驛國際旅行社有限公司,旅遊服務業,北區,"月薪 30,000~38,000元",30000,https://www.104.com.tw/job/7tndw,,歡迎對金融產業、VIP服務客服中心有興趣者加入 【工作內容】 1. 接聽電話客服專線。 2. 確保客服功能正常運作並維持服務品質。 3. 幫助客戶解決問題。 4. 提供產品相關資訊及協助。 5. 提供案件後續查詢服務。 6. 記錄客戶來電內
567,15391997,電子商務,(台中)廠務／EHS環境工程師,台灣村田股份有限公司,其他電子零組件相關業,西屯區,待遇面議(經常性4萬以上),38000,https://www.104.com.tw/job/95wjh,,1.負責廠區水務及相關公用系統之運轉管理、巡檢、維護保養及改善，確保系統安全、穩定運轉。 2.執行設備預防保養、異常處理及原因分析，並規劃及追蹤設備改善與更新。 3.執行水務及公用系統之新設、改造及改善工程，包括需求確認、設備規格、工程進度
568,15335907,電子商務,【國內業務人員】,映興電子股份有限公司,其他電子零組件相關業,南屯區,"月薪 32,000~40,000元",32000,https://www.104.com.tw/job/94p9f,,"1.目標產業市場的業務開發拓展 2.業務年度發展策略,目標規劃,銷售預算達成 3.配合公司銷售策略之執行與模組系統之市場開發 4.掌握每日訂單/銷貨金額及應未交進度達成率 5.準確掌控客戶付款狀況，避免應收未收之帳款發生 6.搜集相關產業市"
569,15105188,電子商務,聲學部件-PM 專案管理專員,美律實業股份有限公司,消費性電子產品製造業,南屯區,待遇面議(經常性4萬以上),38000,https://www.104.com.tw/job/8zr8k,,1. 負責BU產品與技術專案等相關專案管理之規劃，風險評估，及時維護專案進度等作業，推動執行專案目標 2. 負責專案效率優化與持續改善、流程建立、良率優化及成本控管 3. 負責專案所需之各相關部門串接、工作串接、時程安排、資源協調與事項追蹤
570,14187151,電子商務,研發工程師/助理工程師-韌體工程師,橙的電子股份有限公司,汽車及其零件製造業,大雅區,待遇面議(經常性4萬以上),38000,https://www.104.com.tw/job/8g2vj,,1、有使用C#撰寫測試程式的經驗。 2、有CAN的know how尤佳。 3、有MCU使用經驗尤佳。 4、具備良好的編碼習慣，包括代碼可讀性、模組化和註釋。 5、能夠獨立進行測試，具備故障排除和問題解決的能力，以確保系統的穩定性和可靠性。 
571,15349596,電子商務,商業設計｜電商・品牌・設計人員,曼妙思企業有限公司,藥品／化妝品及清潔用品批發業,北區,"月薪 33,000~38,000元",33000,https://www.104.com.tw/job/94zto,電商平台營運 (蝦皮/Momo/PChome/Amazon/Alibaba) / 數位行銷與流量廣告投放 (GA4/SEO/Meta/廣告),【主要工作內容】 1. 電商｜廣告視覺設計 ・依品牌行銷及商品銷售需求進行視覺設計 ・官網、電商平台 Banner、活動頁及促銷素材 ・商品主圖及各類電商行銷素材 ・Facebook／Instagram 社群圖文 ・Meta、Google 
572,14766754,電子商務,產業應用發展部-產業應用開發課-軟體工程師,億威電子系統股份有限公司,其他電子零組件相關業,潭子區,待遇面議(經常性4萬以上),38000,https://www.104.com.tw/job/8si3m,,1.依專案或客戶需求進行程式開發與測試 2.進行自動化設備軟體系統開發 3.系統安裝、維護與功能更新 4.文件撰寫 5.專案支援 6.主管交辦事項
573,12789546,電子商務,代購網拍人員,STARRY 韓國專業代購_可庭商行,鞋類／布類／服飾品零售業,北區,"月薪 30,000~35,000元",30000,https://www.104.com.tw/job/7m4h6,,[工作內容] 1.負責處理每日網路訂單出貨 2.庫存商品管理 (商品到貨/點貨/理貨/出貨) 3.倉儲整理、環境維護、庫存盤點、商品包裝。 4.需帶領兼職員工完成主管交辦事項並回報進度及成效 5.需耐心、細心、有責任感佳 6.抗壓性強 以網
574,14503463,電子商務,資訊工程師/助理工程師-前端工程師,橙的電子股份有限公司,汽車及其零件製造業,大雅區,"月薪 35,000~9,999,999元",35000,https://www.104.com.tw/job/8muxz,,1、前端技術建構網站頁面。 2、與後端工程師協調進行API串接，確保網站畫面與資料庫的順暢連接。 3、不定期測試網站性能並進行優化與除錯。 4、其他主管交辦事項。
575,14466737,電子商務,【組級或儲備產線組級主管】★正職職缺 ★可配合加班 ★反應靈活 ★溝通能力佳★,映興電子股份有限公司,其他電子零組件相關業,南屯區,"月薪 30,000~36,000元",30000,https://www.104.com.tw/job/8m2lt,,1.參加小產銷會議 2.生產進度掌握 3.生產品質控管 4.作業教導 5.生產問題排除 6.生產設備、治工具、耗材之需求申請 7.生產製程改善與效率提升 8.月工作計畫表提出與自評 9.5S管理 10.出勤管理 11.組內員工考核 12.主
576,14334345,電子商務,安全衛生室-乙級安全衛生管理員,億威電子系統股份有限公司,其他電子零組件相關業,潭子區,"月薪 36,000~48,000元",36000,https://www.104.com.tw/job/8j8g9,,1.廠內安全文化制度的推展工作。 2.廠內環安衛管理系統ISO45001推展工作。 3.危害鑑別及風險評估工作。 4.化學品使用管理、報備及登錄工作。 5.安全衛生系統教育訓練工作。 6.消防系統及設備的管理。 7.承攬商入廠管制及管理工作
577,13748043,電子商務,中英文電商營運專員(台中),網訊科技股份有限公司,電腦軟體服務業,西屯區,"月薪 35,000~38,000元",35000,https://www.104.com.tw/job/86o23,電商平台營運 (蝦皮/Momo/PChome/Amazon/Alibaba) / 英語商務溝通 (精通/流利/信件/多益TOEIC),一、處理美國電商(Amazon、Mercari、eBay)等商品之訂購，跟進下單之後的狀態追蹤跟進。 二、協助會員處理關於美國拍賣網站下標、購物、出貨等各式問題 三、線上客服系統問題回覆，商品說明翻譯。 四、有客戶服務經驗者佳。 五、TOE
578,14920150,電子商務,廠務專員,先益電子工業股份有限公司,光電產業,南屯區,待遇面議(經常性4萬以上),38000,https://www.104.com.tw/job/8vsgm,,一、廠務管理 1.負責水、電、空調、氣壓及機電設備系統的異常排除。 2.每日記錄用水/用電數據，並提出節能計畫降低耗能。 3.每月客貨梯定期保養追蹤及聯繫。 4.每年申報建築公共安全資料。 5.飲水機定期保養及水質監測統計。 6.化糞池定期
579,14630517,電子商務,電子技術員,愛德利科技股份有限公司,電力機械器材製造修配業,神岡區,"月薪 29,500~32,000元",29500,https://www.104.com.tw/job/8pkz9,,1. 電子產品檢驗與測試(如電錶、示波器，可學) 2. 測試報表填寫 3. 協助產線作業 4. 電子零件焊接 5. 支援其他生產單位 6.其它–主管交辦事項
580,15365848,電子商務,研發類--奈米製像OPC技術開發工程師(中科),華邦電子股份有限公司,IC設計相關業,大雅區,待遇面議(經常性4萬以上),38000,https://www.104.com.tw/job/95cd4,生成式 AI 與智慧工具 (ChatGPT/Prompt/Copilot/AI) / 商業數據分析與自動化 (Python/PowerBI/Excel樞紐),"【在華邦，學習不設限，讓AI技術力與你的未來力同步成長!】 我們深信「人才永續」是企業創新的核心動能。華邦持續投資於數據素養與AI應用的培育，支持每一位人才掌握AI與數據應用的核心能力。 ．內部學習平台提供超過4,000堂線上課程，其中包含"
581,13724343,電子商務,軟體工程師,益豐國際股份有限公司,其他零售業,西屯區,"月薪 45,000~55,000元",45000,https://www.104.com.tw/job/865rr,商務談判、報價議價與合約簽訂 / ERP / SAP 企業資源與進銷存系統 / 商業數據分析與自動化 (Python/PowerBI/Excel樞紐),我們正在尋找具備【數據分析、系統整合及API開發】能力的人才，透過營運數據應用、跨系統串接與資料流管理，協助公司提升數位營運效率與經營決策品質。若您熱衷於數據與技術整合，歡迎加入我們。 【工作內容】 1.營運數據支援 -數據蒐集與整合 (E
582,14578308,電子商務,應用軟體工程師,車王電子股份有限公司,其他電子零組件相關業,大雅區,待遇面議(經常性4萬以上),38000,https://www.104.com.tw/job/8ogp0,,1.應用軟體及AI開發與設計 2.產品系統開發 3.產品測驗與除錯
583,15081258,電子商務,門市儲備幹部 - 3C收購中心台中門市,華碩集團_翔碩科技股份有限公司,電子通訊／電腦週邊零售業,西區,待遇面議(經常性4萬以上),38000,https://www.104.com.tw/job/8z8ru,,翔碩科技(JOGEEK Technology)為華碩電腦旗下的全資子公司。我們正於台中地區徵求一名對消費性電子產品以及門市銷售有豐富經驗的夥伴加入零售團隊，此職務將負責台中品牌門市銷售與營運工作，以達成業績與獲利目標。 職務內容說明: - 
584,15322832,電子商務,.NET 資深工程師｜Claude／Codex AI【享有留任獎金】,肯驛國際旅行社有限公司,旅遊服務業,北區,待遇面議(經常性4萬以上),38000,https://www.104.com.tw/job/94f68,生成式 AI 與智慧工具 (ChatGPT/Prompt/Copilot/AI) / 商業數據分析與自動化 (Python/PowerBI/Excel樞紐),.NET 資深工程師｜Claude／Codex AI 輔助開發 職缺說明 本職缺適合具備 .NET Web 系統開發與維護經驗，並能善用 Claude、Codex 等 AI 輔助開發工具提升工作效率的工程師。 公司將提供 Claude、Co
585,11823368,電子商務,薪50K-90K 家具物流司機 享業績獎金 歡迎想挑戰高薪者,帝傑有限公司,網際網路相關業,大雅區,"月薪 50,000~90,000元",50000,https://www.104.com.tw/job/71eyw,,將家具商品配送至客人家並協助客人將家具就定位 商品配送範圍需到外縣市 (3.5噸貨車) 已有手牌經驗者尤佳
586,12493211,電子商務,機構工程師,奕傑電子股份有限公司,其他電子零組件相關業,大里區,"月薪 40,000~60,000元",40000,https://www.104.com.tw/job/7frtn,,1.產品機構設計與結構評估。 2.機構模型製作、測試分析與改善。 3.材料的測試與選用。 4.圖面設計繪製。 5.協助模具開模、試模及修模。 6.試產檢討及設計修正。 7.技術圖面文件之製作。
587,14049140,電子商務,物管人員,惟聖科技股份有限公司,其他電子零組件相關業,大雅區,"月薪 35,000~38,000元",35000,https://www.104.com.tw/job/8d4dw,,1. 蒐集、計算貨物清單，並用紙筆或電腦記錄資料。 2. 以有條理且易取得的方式儲存擺放倉庫中的貨品項目。 3. 複查庫存的貨物數量與紀錄是否相符，查出不一致之處並更正錯誤。 4. 利用辨識標籤、印花、標籤工具或其他標籤設備，在庫存貨物上做
588,15164973,電子商務,行銷企劃專員,巧福健康家電_優程工業股份有限公司,家用電器製造業,豐原區,"月薪 33,000~50,000元",33000,https://www.104.com.tw/job/911d9,電商平台營運 (蝦皮/Momo/PChome/Amazon/Alibaba) / 數位行銷與流量廣告投放 (GA4/SEO/Meta/廣告),【職位：電商行銷專員 / 品牌營運企劃】 主要工作內容 1. 產品文案創作：挖掘產品核心賣點，將規格參數轉化為動人的情境文案與銷售亮點。 2. 負責各大電商平台（Momo、蝦皮、PChome 等）的商品頁面策劃，維護電商後台，控管活動價格、
589,11121365,電子商務,製造技術員(台中工業區),寧茂企業股份有限公司,其他電子零組件相關業,西屯區,"月薪 29,500~31,000元",29500,https://www.104.com.tw/job/6mdat,,1. 電子零件加工 2. 電子零件插件 3. 電子零件焊接與修補 4. 辦理主管交辦事項
590,14667479,電子商務,【OVVO 電動滑板車自行車】台中影片剪輯腳本企劃人員,日昱股份有限公司,其他商品批發業,清水區,"月薪 34,000~50,000元",34000,https://www.104.com.tw/job/8qdhz,,工作內容： 1.寫短視頻腳本、分鏡、企劃 2.攝影、剪輯短視頻 3.有想法創意幽默感，對短視頻有高度興趣佳 4.常看ＩＧ、ＦＢ、tiktok短視頻佳 5.具備使用剪輯軟體能力 ★員工福利： 1.提供勞健保、勞退 2.不定期設立獎金活動 3.
591,14772239,電子商務,【生產技術系統主管（課級主管）】,映興電子股份有限公司,其他電子零組件相關業,南屯區,待遇面議(經常性4萬以上),38000,https://www.104.com.tw/job/8smbz,,1、生產技術統籌與流程優化 2、團隊管理與跨部門協作 3、新產品導入（NPI）與技術驗證 4、異常處理與品質改善 5、技術資料建置與KPI管理 6、人才育成與能力提升
592,14426997,電子商務,機構設計資深工程師_智能製造平台新事業發展部機構課(中科),台達電子工業股份有限公司 _DELTA ELECTRONICS INC.,其他電子零組件相關業,西屯區,待遇面議(經常性4萬以上),38000,https://www.104.com.tw/job/8l7xx,,"工作內容： 1.主導自動化設備（如點膠、鎖螺絲、檢測、搬運、組裝等）的機構方案設計、提案與細部設計與技術規格書產出。 2.進行關鍵機構模組（如傳動、定位、夾治具、機器視覺整合）的選型、計算與設計,提出設計計算書。 3.執行精密公差分析、剛性"
593,14715133,電子商務,Global QPM/品保儲備幹部,美律實業股份有限公司,消費性電子產品製造業,南屯區,待遇面議(經常性4萬以上),38000,https://www.104.com.tw/job/8re9p,海外與跨境經貿 (跨境電商/海外市場/外銷),1. 主導公司品質相關工作。 2. 品管新技術推廣與訓練。 3. 客戶滿意度之維護與提升。 4. 支援集團各廠品質專案及問題。
594,13329987,電子商務,電商銷售業務,Nawies_耐唯思國際有限公司,電子通訊／電腦週邊批發業,北屯區,"月薪 30,000~45,000元",30000,https://www.104.com.tw/job/7xphf,電商平台營運 (蝦皮/Momo/PChome/Amazon/Alibaba),【 工作概述 】: 負責3C手機周邊配件電商運營 【 相關執行資歷 】: 需電商運營相同工作經驗者 【 工作項目 】: 1. 競爭品分析、產品組合毛利計算、開發活動曝光版位。 2. MOMO、Pchome、生活市集、松果平台經營管理
595,12283604,電子商務,Senior Inventory Analyst,法特科技有限公司,綜合商品批發代理業,西屯區,待遇面議(經常性4萬以上),38000,https://www.104.com.tw/job/7ba38,電商平台營運 (蝦皮/Momo/PChome/Amazon/Alibaba),"• Review historical sales data, forecast trends, and current inventory levels to generate accurate purchase orders that "
596,14031135,電子商務,維修工程師/助理工程師-三廠,百容電子股份有限公司,其他電子零組件相關業,西屯區,"月薪 33,000~45,000元",33000,https://www.104.com.tw/job/8cqhr,,1.設備維修 2.保養檢測 3.製程改善 4.規格設定 5.執行主管交辦事項
597,14156361,電子商務,電商運營人員,翎富國際貿易企業有限公司,綜合商品批發代理業,大雅區,"月薪 32,000~35,000元",32000,https://www.104.com.tw/job/8ff49,電商平台營運 (蝦皮/Momo/PChome/Amazon/Alibaba),1.電商平台/通路（蝦皮、官網、momo、社團）之整體營運管理。 2.電商平台之行銷、營運策略規劃等溝通、關係維護與管理。 3.熟悉電子商務及各大電商平台之操作及執行管控（檔期活動、行銷推廣等）。 4.商品銷售規劃及設定
598,13400212,電子商務,研發專案管理主管,車王電子股份有限公司,其他電子零組件相關業,大雅區,待遇面議(經常性4萬以上),38000,https://www.104.com.tw/job/7z7o4,,"1. 新產品開發規格技術審查 2. 市場/產品/競爭者資料蒐集、分析、運用 3. 新技術,新產品,新科技資訊收集及傳播 4. 新產品開發進度管控及跨部門溝通協調 5. 產品功性能資訊蒐集及分析 6. PPAP文件審查及翻譯"
599,15268879,電子商務,安全衛生管理師_基礎建設服務部(中科),台達電子工業股份有限公司 _DELTA ELECTRONICS INC.,其他電子零組件相關業,西屯區,待遇面議(經常性4萬以上),38000,https://www.104.com.tw/job/939jj,數位行銷與流量廣告投放 (GA4/SEO/Meta/廣告),"按讚並追蹤""台達Delta Career""FB粉絲專頁，讓您更快掌握台達職缺脈動！ https://www.facebook.com/deltacareer 工作內容： 1.依照專案進度計劃，實施施工。 2.依據工程規模及進度情況，進行協作"
600,10655626,電子商務,電商助理,樂維科技有限公司,電子通訊／電腦週邊零售業,大雅區,"月薪 31,000~34,000元",31000,https://www.104.com.tw/job/6cdxm,電商平台營運 (蝦皮/Momo/PChome/Amazon/Alibaba),1、電商平台相關作業 2、商品銷售規劃與資料蒐集 3、商品維護、行政作業事務 4、喜歡3C及寵物商品、有電商實務經驗 5、思維敏捷執行力 6、其他主管交辦事項
